-2.442956,50.568566
-2.950523,50.842053
-2.956029,50.845281
-2.956029,50.845281
-2.956029,50.845281
-2.950724,50.845639
-2.902769,50.846263
-2.902769,50.846263
-2.902769,50.846263
-2.95646,50.862903
-2.96373,50.864687
-2.968617,50.868082
-2.956097,50.868734
-2.968212,50.869074
-2.968212,50.869074
-2.966823,50.869257
-2.966823,50.869257
-2.966139,50.869874
-2.963866,50.86992
-2.956009,50.869984
-2.956009,50.869984
-2.96535,50.870222
-2.773726,50.870409
-2.95842,50.870459
-2.962362,50.870696
-2.772951,50.870828
-2.96579,50.870875
-2.965947,50.871566
-2.966419,50.871715
-2.961516,50.871747
-2.961516,50.871747
-2.961516,50.871747
-2.961516,50.871747
-2.964524,50.872189
-2.964524,50.872189
-2.964524,50.872189
-2.968865,50.872468
-2.968865,50.872468
-2.962882,50.872518
-2.962882,50.872518
-2.778012,50.87262
-2.964945,50.872627
-2.964945,50.872627
-2.964945,50.872627
-2.964945,50.872627
-2.964945,50.872627
-2.964945,50.872627
-2.961084,50.872829
-2.961084,50.872829
-2.963341,50.873377
-2.963341,50.873377
-2.966482,50.873378
-2.966482,50.873378
-2.966482,50.873378
-2.966482,50.873378
-2.966482,50.873378
-2.966482,50.873378
-2.966482,50.873378
-2.96283,50.873426
-2.967376,50.874036
-2.954216,50.874082
-2.954216,50.874082
-2.954216,50.874082
-2.954216,50.874082
-2.954216,50.874082
-2.954216,50.874082
-2.968276,50.874227
-2.967699,50.875194
-2.952357,50.875581
-2.952357,50.875581
-2.96613,50.875602
-2.96613,50.875602
-2.955385,50.875628
-2.796288,50.875905
-2.950713,50.876529
-2.954001,50.876754
-2.954001,50.876754
-2.794605,50.877238
-2.955483,50.877659
-2.951935,50.877895
-2.951935,50.877895
-2.951935,50.877895
-2.951935,50.877895
-2.951935,50.877895
-2.794852,50.878379
-2.948778,50.878523
-2.794732,50.878865
-2.954486,50.878927
-2.786228,50.879444
-2.954017,50.879614
-2.949796,50.879657
-2.95442,50.87988
-2.945415,50.880223
-2.797784,50.881137
-2.958692,50.882327
-2.795779,50.882725
-2.954884,50.883087
-2.794129,50.883545
-2.794129,50.883545
-2.7959,50.883992
-2.794664,50.884045
-2.794664,50.884045
-2.795638,50.884506
-2.797087,50.88607
-2.882953,50.890587
-2.948332,50.890874
-2.795109,50.890975
-2.795109,50.890975
-2.948796,50.893415
-2.990003,50.894808
-2.990003,50.894808
-2.645892,50.899082
-3.471978,50.901928
-2.706342,50.902796
-2.79385,50.906424
-2.79385,50.906424
-2.892712,50.907967
-2.795338,50.909445
-2.796337,50.910481
-3.027799,50.911694
-2.750436,50.913923
-2.624032,50.916853
-2.672244,50.916936
-2.619352,50.917903
-2.622341,50.918067
-2.624817,50.919169
-2.617383,50.919622
-2.685123,50.920215
-2.91426,50.921793
-2.914237,50.922773
-2.90969,50.923087
-2.817991,50.924593
-2.910793,50.924913
-2.917865,50.925658
-2.909029,50.925682
-2.912587,50.925691
-2.911493,50.926518
-2.667744,50.926548
-2.92093,50.926695
-2.644547,50.927308
-2.914327,50.928096
-2.924455,50.929383
-2.845142,50.92949
-2.928064,50.930542
-2.928064,50.930542
-2.928064,50.930542
-2.649612,50.931308
-2.756765,50.931382
-2.64666,50.932898
-2.64666,50.932898
-2.653036,50.932962
-2.652367,50.932992
-2.647221,50.933372
-2.659732,50.933526
-2.659732,50.933526
-3.12816,50.933788
-2.703128,50.933939
-2.651032,50.934196
-2.665208,50.93435
-2.644832,50.934491
-2.644832,50.934491
-2.644832,50.934491
-2.64553,50.934577
-2.640437,50.934704
-2.648499,50.935181
-2.648499,50.935181
-2.648499,50.935181
-2.648499,50.935181
-2.703213,50.935799
-2.641018,50.936544
-2.63545,50.937339
-2.638458,50.937709
-2.642813,50.937757
-2.642813,50.937757
-2.642813,50.937757
-2.642813,50.937757
-2.642813,50.937757
-2.639091,50.939289
-2.639091,50.939289
-2.641184,50.939358
-2.64284,50.939682
-2.630149,50.939994
-2.638397,50.940542
-2.627994,50.940599
-2.638015,50.940688
-2.625505,50.940765
-2.625505,50.940765
-2.629917,50.940786
-2.629917,50.940786
-2.625904,50.940808
-2.625904,50.940808
-2.631414,50.940967
-2.627742,50.940969
-2.627742,50.940969
-2.627742,50.940969
-2.630532,50.940981
-2.630532,50.940981
-2.630532,50.940981
-2.643015,50.941012
-2.643015,50.941012
-2.635642,50.941034
-2.804162,50.941128
-2.804162,50.941128
-2.628998,50.941187
-2.633681,50.941197
-2.633681,50.941197
-2.633681,50.941197
-2.63193,50.941225
-2.622722,50.941283
-2.628644,50.941342
-2.628644,50.941342
-2.637201,50.941547
-2.637201,50.941547
-2.634554,50.941579
-2.634554,50.941579
-2.634554,50.941579
-2.631437,50.941596
-2.631437,50.941596
-2.625091,50.941729
-2.629745,50.941749
-2.629745,50.941749
-2.629745,50.941749
-2.629745,50.941749
-2.629745,50.941749
-2.629745,50.941749
-2.629745,50.941749
-2.629745,50.941749
-2.629745,50.941749
-2.629745,50.941749
-2.629745,50.941749
-2.629745,50.941749
-2.674825,50.941983
-2.627246,50.942131
-2.627246,50.942131
-2.627246,50.942131
-2.627246,50.942131
-2.627246,50.942131
-2.627246,50.942131
-2.627246,50.942131
-2.627246,50.942131
-2.631814,50.942134
-2.631814,50.942134
-2.631814,50.942134
-2.62921,50.942175
-2.62921,50.942175
-2.62921,50.942175
-2.62921,50.942175
-2.62921,50.942175
-2.62921,50.942175
-2.649479,50.942235
-2.609058,50.942327
-2.609058,50.942327
-2.609058,50.942327
-2.609058,50.942327
-2.609058,50.942327
-2.609058,50.942327
-2.609058,50.942327
-2.609058,50.942327
-2.609058,50.942327
-2.625142,50.942359
-2.657383,50.942541
-2.640988,50.942686
-2.64916,50.942785
-2.636679,50.942944
-2.636679,50.942944
-2.636679,50.942944
-2.636679,50.942944
-2.636679,50.942944
-2.634731,50.943116
-2.626753,50.943618
-2.643238,50.943807
-2.643238,50.943807
-2.643238,50.943807
-2.643238,50.943807
-2.661602,50.943947
-2.661602,50.943947
-2.661602,50.943947
-2.666627,50.943954
-2.666627,50.943954
-2.666627,50.943954
-2.666627,50.943954
-2.626914,50.943968
-2.662899,50.944048
-2.62968,50.94425
-2.624259,50.944423
-2.650651,50.944602
-2.650651,50.944602
-2.637799,50.944664
-2.617388,50.944774
-2.617388,50.944774
-2.617388,50.944774
-2.666001,50.944983
-2.622773,50.945105
-2.624582,50.945203
-2.625907,50.945259
-2.625907,50.945259
-2.633907,50.945297
-2.633907,50.945297
-2.618053,50.945508
-2.618053,50.945508
-2.618053,50.945508
-2.618053,50.945508
-2.618053,50.945508
-2.618053,50.945508
-2.618053,50.945508
-2.613614,50.945675
-2.621345,50.945778
-2.621345,50.945778
-2.625075,50.945848
-2.625075,50.945848
-2.63719,50.945962
-2.63719,50.945962
-2.63719,50.945962
-2.672208,50.946027
-2.80546,50.9462
-2.612469,50.946292
-2.612469,50.946292
-2.612469,50.946292
-2.612469,50.946292
-2.612469,50.946292
-2.654291,50.946344
-2.654291,50.946344
-2.649069,50.946508
-2.611308,50.946721
-2.611308,50.946721
-2.611308,50.946721
-2.624761,50.946821
-2.614898,50.946936
-2.628921,50.947122
-2.662132,50.947199
-2.650744,50.947209
-2.624225,50.947219
-2.665964,50.947375
-2.618078,50.947378
-2.622876,50.947424
-2.62349,50.947592
-2.62349,50.947592
-2.805171,50.947595
-2.805171,50.947595
-2.805171,50.947595
-2.654936,50.947654
-2.657143,50.947722
-2.618724,50.947824
-2.618724,50.947824
-2.637601,50.94792
-2.637601,50.94792
-2.637601,50.94792
-2.637601,50.94792
-2.668921,50.948096
-2.668921,50.948096
-2.812456,50.948237
-2.624355,50.948397
-2.624355,50.948397
-2.714364,50.94842
-2.612598,50.948513
-2.619602,50.948557
-2.619602,50.948557
-2.807878,50.948566
-2.80889,50.948649
-2.714669,50.948823
-2.714669,50.948823
-2.62404,50.949343
-2.62404,50.949343
-2.673352,50.949374
-2.614846,50.949463
-2.810771,50.949562
-2.628614,50.949696
-2.80098,50.949773
-2.80098,50.949773
-2.616643,50.949787
-2.616643,50.949787
-2.616643,50.949787
-2.6782,50.949922
-2.657018,50.949926
-2.657018,50.949926
-2.649202,50.949943
-2.649202,50.949943
-2.649202,50.949943
-2.660456,50.950473
-2.620812,50.950646
-2.654636,50.950668
-2.640899,50.950672
-2.61704,50.950702
-2.619318,50.950753
-2.619318,50.950753
-2.677175,50.950917
-2.806952,50.950973
-2.635893,50.951014
-2.805132,50.951103
-2.805132,50.951103
-2.630913,50.951239
-2.630913,50.951239
-2.648082,50.951289
-2.658394,50.951618
-2.658394,50.951618
-2.630065,50.951684
-2.650724,50.95185
-2.661317,50.951961
-2.849338,50.952048
-2.618994,50.952067
-2.618994,50.952067
-2.618994,50.952067
-2.616959,50.952141
-2.644978,50.952223
-2.653949,50.952371
-2.749633,50.952479
-2.661199,50.952636
-2.612739,50.952748
-2.620613,50.952805
-2.749768,50.952883
-2.749768,50.952883
-2.924383,50.953025
-2.800667,50.953076
-2.800667,50.953076
-2.652037,50.953101
-2.806634,50.953152
-2.657435,50.953278
-2.657435,50.953278
-2.657435,50.953278
-2.727583,50.953536
-2.614363,50.953863
-2.620869,50.953892
-2.620869,50.953892
-2.620869,50.953892
-2.670144,50.953952
-2.619636,50.954321
-2.619636,50.954321
-2.719694,50.954331
-2.719694,50.954331
-2.62479,50.954338
-2.61716,50.95437
-2.61716,50.95437
-2.650902,50.954412
-2.631116,50.954691
-2.631116,50.954691
-2.642387,50.955349
-2.627752,50.95542
-2.752994,50.956064
-2.604429,50.956343
-2.611836,50.956583
-2.611836,50.956583
-2.619996,50.95672
-2.61445,50.957253
-2.607844,50.95726
-2.626695,50.957305
-2.613782,50.957346
-2.61307,50.958411
-2.620176,50.958481
-2.8702,50.959197
-2.622468,50.959548
-2.776174,50.959554
-2.773749,50.960155
-2.775645,50.960295
-2.774355,50.960618
-3.218321,50.961803
-3.156299,50.96264
-3.286074,50.962857
-3.128115,50.963096
-2.654655,50.967187
-2.462532,50.968699
-2.469711,50.96877
-2.677667,50.97005
-3.224018,50.970529
-2.761216,50.97128
-3.242593,50.971691
-3.244213,50.972105
-3.24678,50.973292
-3.243619,50.973334
-3.243619,50.973334
-3.243619,50.973334
-2.878313,50.973407
-2.765528,50.973706
-3.22513,50.973827
-3.245064,50.974101
-3.237382,50.974974
-3.249307,50.97509
-3.249307,50.97509
-2.765342,50.975362
-3.232155,50.975551
-3.233979,50.975568
-3.251929,50.975683
-3.230609,50.975792
-3.254881,50.975813
-3.254881,50.975813
-3.225449,50.976179
-3.249038,50.977287
-3.228862,50.977591
-3.147559,50.977807
-2.990586,50.97785
-3.174872,50.97803
-3.227549,50.978055
-2.394682,50.978238
-2.394682,50.978238
-3.177031,50.978368
-3.227504,50.978505
-3.227504,50.978505
-3.227504,50.978505
-3.23336,50.978551
-3.219919,50.978773
-3.219919,50.978773
-3.229082,50.978938
-3.229082,50.978938
-3.232978,50.979185
-3.223637,50.979346
-3.223637,50.979346
-3.225564,50.97947
-2.76869,50.979738
-3.231856,50.979871
-3.225732,50.979917
-3.225732,50.979917
-3.225732,50.979917
-3.237857,50.979987
-3.237857,50.979987
-3.230695,50.980135
-3.235056,50.980179
-3.227854,50.980435
-3.227854,50.980435
-2.820043,50.980557
-2.820043,50.980557
-2.820043,50.980557
-3.229507,50.980993
-2.887417,50.981009
-3.228477,50.981372
-3.228477,50.981372
-3.219084,50.981723
-3.232863,50.9829
-3.222268,50.983074
-3.219342,50.98341
-3.237122,50.983439
-3.23245,50.983462
-3.23245,50.983462
-3.219592,50.983714
-3.201844,50.983817
-3.279265,50.98401
-3.217489,50.984473
-3.231574,50.984811
-3.231574,50.984811
-3.231574,50.984811
-3.231574,50.984811
-3.231574,50.984811
-3.231574,50.984811
-3.231574,50.984811
-3.231574,50.984811
-3.231574,50.984811
-3.231574,50.984811
-3.239198,50.985962
-3.239198,50.985962
-3.200452,50.986178
-2.904663,50.986605
-3.239484,50.987065
-2.864805,50.988408
-2.86091,50.990461
-3.17885,50.990553
-3.121164,50.992596
-3.081909,50.994459
-3.081909,50.994459
-3.051851,50.995506
-3.051851,50.995506
-2.580854,50.997603
-2.582271,50.999277
-2.415916,51.000087
-3.108421,51.00019
-2.681729,51.000394
-2.681729,51.000394
-3.109513,51.000539
-2.681225,51.00099
-2.681225,51.00099
-3.082956,51.001481
-3.153784,51.001945
-2.69304,51.001982
-2.69304,51.001982
-2.69304,51.001982
-2.685088,51.002011
-2.684353,51.002419
-3.122938,51.003505
-3.089674,51.004773
-3.113126,51.005037
-3.076384,51.005121
-3.076384,51.005121
-3.120704,51.005423
-3.082631,51.005908
-3.112512,51.00677
-3.112512,51.00677
-3.105537,51.007133
-3.105537,51.007133
-3.105537,51.007133
-3.105537,51.007133
-3.115728,51.007135
-3.115728,51.007135
-3.077577,51.007376
-3.077577,51.007376
-3.074775,51.007627
-3.080435,51.007718
-2.921153,51.007761
-3.078342,51.007801
-3.092415,51.007976
-3.092415,51.007976
-3.076721,51.007986
-3.118878,51.008328
-3.12553,51.008731
-3.12553,51.008731
-3.077004,51.009099
-3.070936,51.009928
-3.082074,51.010158
-2.678552,51.010178
-2.682601,51.010253
-3.107653,51.010422
-3.074088,51.0106
-3.074088,51.0106
-3.086724,51.010897
-3.111228,51.010909
-3.111228,51.010909
-3.100723,51.010937
-3.100723,51.010937
-3.125993,51.01138
-3.125993,51.01138
-3.083258,51.011397
-3.083258,51.011397
-3.083258,51.011397
-3.128888,51.011424
-3.128888,51.011424
-3.128888,51.011424
-3.128888,51.011424
-3.128888,51.011424
-3.098915,51.011602
-3.094895,51.01163
-3.107953,51.011633
-3.107953,51.011633
-2.677661,51.011676
-3.130008,51.011754
-3.105202,51.012244
-3.0945,51.01238
-3.118677,51.012412
-3.118677,51.012412
-3.118677,51.012412
-3.118677,51.012412
-3.118677,51.012412
-3.118677,51.012412
-3.118677,51.012412
-3.080775,51.012517
-3.080775,51.012517
-3.080775,51.012517
-3.10163,51.01252
-3.12725,51.012635
-3.102604,51.012682
-3.102604,51.012682
-3.102604,51.012682
-3.102604,51.012682
-3.102604,51.012682
-3.102604,51.012682
-3.102604,51.012682
-3.102604,51.012682
-3.102604,51.012682
-3.102604,51.012682
-3.102604,51.012682
-3.102604,51.012682
-3.086881,51.012703
-3.104533,51.012879
-3.104533,51.012879
-3.104533,51.012879
-3.104533,51.012879
-3.104533,51.012879
-3.104533,51.012879
-3.105746,51.01294
-3.096352,51.012947
-3.096352,51.012947
-2.628532,51.013191
-3.125967,51.013223
-3.109702,51.013253
-3.109702,51.013253
-3.109702,51.013253
-3.197463,51.01343
-3.100385,51.013494
-3.100385,51.013494
-3.100385,51.013494
-3.092388,51.013515
-3.092388,51.013515
-3.077434,51.013528
-3.077434,51.013528
-3.077434,51.013528
-3.077434,51.013528
-3.103879,51.01356
-3.103879,51.01356
-3.103879,51.01356
-3.103879,51.01356
-3.103879,51.01356
-3.103879,51.01356
-3.103879,51.01356
-3.103879,51.01356
-3.103879,51.01356
-3.103879,51.01356
-3.103879,51.01356
-3.103879,51.01356
-3.103879,51.01356
-3.096854,51.013689
-3.096854,51.013689
-3.096854,51.013689
-3.096854,51.013689
-3.096854,51.013689
-3.08746,51.013705
-3.08746,51.013705
-3.079095,51.013819
-3.095389,51.013847
-3.095389,51.013847
-3.109178,51.013977
-3.10195,51.013992
-3.10195,51.013992
-3.10195,51.013992
-3.10195,51.013992
-3.10195,51.013992
-3.091416,51.014028
-3.070646,51.014031
-3.127727,51.014088
-3.098417,51.014088
-3.098417,51.014088
-3.098417,51.014088
-3.098417,51.014088
-3.098417,51.014088
-3.098417,51.014088
-3.086161,51.014257
-3.086161,51.014257
-3.100617,51.014265
-3.100617,51.014265
-3.100617,51.014265
-3.100617,51.014265
-3.100617,51.014265
-3.092577,51.014278
-3.092577,51.014278
-3.104957,51.014548
-3.104957,51.014548
-3.104957,51.014548
-3.104957,51.014548
-3.104957,51.014548
-3.104957,51.014548
-3.104957,51.014548
-3.104957,51.014548
-3.106884,51.014647
-3.115994,51.01465
-3.103178,51.014673
-3.103178,51.014673
-3.103178,51.014673
-3.103178,51.014673
-3.103178,51.014673
-3.103178,51.014673
-3.103178,51.014673
-3.103178,51.014673
-3.103178,51.014673
-3.103178,51.014673
-3.103178,51.014673
-3.103178,51.014673
-3.099287,51.0147
-3.099287,51.0147
-3.099287,51.0147
-3.099287,51.0147
-3.099287,51.0147
-3.099287,51.0147
-3.099287,51.0147
-3.099287,51.0147
-3.099287,51.0147
-3.099287,51.0147
-3.099287,51.0147
-3.099287,51.0147
-3.099287,51.0147
-3.099287,51.0147
-3.099287,51.0147
-3.099287,51.0147
-3.099287,51.0147
-3.099287,51.0147
-3.08928,51.014713
-3.08928,51.014713
-3.08928,51.014713
-3.098389,51.014718
-3.101814,51.014865
-3.101814,51.014865
-3.101814,51.014865
-3.097026,51.014955
-3.091296,51.014973
-3.091296,51.014973
-3.089246,51.015109
-3.089246,51.015109
-3.108636,51.015188
-3.108636,51.015188
-3.102023,51.015259
-3.102023,51.015259
-3.111746,51.015266
-3.111746,51.015266
-3.111746,51.015266
-3.111746,51.015266
-3.073229,51.015374
-3.084548,51.015378
-3.084548,51.015378
-3.116071,51.015512
-3.116071,51.015512
-3.116071,51.015512
-3.102486,51.015552
-3.102486,51.015552
-3.102486,51.015552
-3.102486,51.015552
-3.102486,51.015552
-3.102486,51.015552
-3.102486,51.015552
-3.092508,51.015609
-3.092508,51.015609
-3.092508,51.015609
-3.092508,51.015609
-3.092508,51.015609
-3.092508,51.015609
-3.097085,51.015611
-3.093181,51.01572
-3.093181,51.01572
-3.093181,51.01572
-3.093181,51.01572
-3.093181,51.01572
-3.093181,51.01572
-3.093181,51.01572
-3.093181,51.01572
-3.099611,51.015723
-3.095125,51.015927
-3.095125,51.015927
-3.095125,51.015927
-3.095125,51.015927
-3.102483,51.016019
-3.102483,51.016019
-3.10331,51.016029
-3.10331,51.016029
-3.10331,51.016029
-3.10331,51.016029
-3.10331,51.016029
-3.10331,51.016029
-3.10331,51.016029
-3.10331,51.016029
-3.10331,51.016029
-3.09711,51.016097
-3.094316,51.016105
-3.088472,51.016142
-3.088472,51.016142
-3.088472,51.016142
-3.088472,51.016142
-3.088472,51.016142
-3.088472,51.016142
-3.088472,51.016142
-3.087619,51.016248
-3.096902,51.016306
-3.096902,51.016306
-3.096902,51.016306
-3.096902,51.016306
-3.085362,51.016665
-3.09513,51.016745
-3.09513,51.016745
-3.09513,51.016745
-3.09513,51.016745
-3.09513,51.016745
-3.09513,51.016745
-3.102177,51.016939
-3.102177,51.016939
-3.102177,51.016939
-3.099157,51.017022
-3.098173,51.01704
-3.098173,51.01704
-3.098173,51.01704
-3.094425,51.017093
-3.10057,51.017116
-3.097135,51.017149
-3.047666,51.017198
-3.08154,51.017204
-3.103768,51.017275
-3.103768,51.017275
-3.103768,51.017275
-3.103768,51.017275
-3.103768,51.017275
-3.085548,51.017311
-3.106521,51.017366
-3.1029,51.017382
-3.1029,51.017382
-3.1029,51.017382
-3.107138,51.017504
-3.097687,51.017584
-3.10431,51.01789
-3.10431,51.01789
-3.10431,51.01789
-3.10431,51.01789
-3.071692,51.017951
-3.071692,51.017951
-3.09811,51.017994
-3.090557,51.01811
-3.090557,51.01811
-3.090557,51.01811
-3.090557,51.01811
-3.090557,51.01811
-3.090557,51.01811
-3.090557,51.01811
-3.097303,51.018199
-3.097303,51.018199
-3.10841,51.018247
-3.096379,51.018316
-3.106644,51.018336
-3.083549,51.018373
-3.0874,51.018436
-3.104511,51.018554
-3.104511,51.018554
-3.084352,51.018599
-3.084352,51.018599
-3.105211,51.018619
-3.105211,51.018619
-3.105211,51.018619
-3.105211,51.018619
-3.102418,51.018673
-3.102418,51.018673
-3.102418,51.018673
-3.064113,51.018857
-3.064113,51.018857
-3.08305,51.018998
-3.105151,51.019087
-3.105807,51.019117
-3.105807,51.019117
-3.105807,51.019117
-3.105807,51.019117
-3.094674,51.019168
-3.094674,51.019168
-3.094674,51.019168
-3.094674,51.019168
-3.085421,51.019182
-3.103971,51.019233
-3.103971,51.019233
-3.103971,51.019233
-3.103971,51.019233
-3.103971,51.019233
-3.103971,51.019233
-2.847742,51.019234
-3.069243,51.019332
-3.069243,51.019332
-3.071829,51.019596
-3.097293,51.019611
-3.097293,51.019611
-3.097293,51.019611
-3.106877,51.019719
-2.9743,51.019829
-3.076598,51.019894
-3.076598,51.019894
-3.076598,51.019894
-3.103603,51.019938
-3.078538,51.019948
-3.078538,51.019948
-3.078538,51.019948
-3.534203,51.020059
-3.093555,51.020078
-3.093555,51.020078
-3.076822,51.020323
-3.076822,51.020323
-3.076822,51.020323
-3.076822,51.020323
-3.076822,51.020323
-3.098367,51.020401
-3.069938,51.020413
-3.102189,51.020455
-3.113525,51.020492
-3.081405,51.020605
-3.107197,51.020606
-3.107197,51.020606
-3.107197,51.020606
-3.107197,51.020606
-3.107197,51.020606
-3.536118,51.020627
-3.085942,51.020715
-3.103878,51.020727
-3.103878,51.020727
-3.103878,51.020727
-3.103878,51.020727
-3.103878,51.020727
-3.103527,51.020937
-3.103527,51.020937
-3.103527,51.020937
-3.103527,51.020937
-3.103527,51.020937
-3.103527,51.020937
-3.103527,51.020937
-3.103527,51.020937
-3.079037,51.021175
-3.534001,51.021284
-3.073053,51.021356
-3.073053,51.021356
-3.073053,51.021356
-3.081152,51.02138
-3.105876,51.021383
-3.105876,51.021383
-3.083692,51.021474
-3.083692,51.021474
-3.083692,51.021474
-3.083692,51.021474
-3.083692,51.021474
-3.083692,51.021474
-3.083692,51.021474
-3.083692,51.021474
-3.083692,51.021474
-3.083692,51.021474
-3.083692,51.021474
-3.083692,51.021474
-3.083692,51.021474
-3.083692,51.021474
-3.083692,51.021474
-3.086459,51.021493
-3.086459,51.021493
-3.086459,51.021493
-2.579486,51.02161
-3.08622,51.021648
-3.08622,51.021648
-3.105228,51.021722
-3.100908,51.021735
-3.080881,51.021976
-3.080881,51.021976
-3.080881,51.021976
-3.117127,51.022058
-3.117127,51.022058
-3.104425,51.022134
-3.104425,51.022134
-2.870257,51.02244
-3.080884,51.022705
-3.067923,51.022725
-3.067923,51.022725
-2.969074,51.022858
-3.07088,51.022932
-3.111535,51.023154
-3.111535,51.023154
-2.869174,51.023222
-3.069092,51.023326
-3.040547,51.023332
-3.040547,51.023332
-3.113588,51.023719
-3.113588,51.023719
-3.113588,51.023719
-3.094514,51.023882
-3.094514,51.023882
-3.094514,51.023882
-3.094514,51.023882
-3.094514,51.023882
-3.094514,51.023882
-3.248798,51.024052
-3.103131,51.024088
-3.103131,51.024088
-3.100012,51.024244
-3.100012,51.024244
-3.100012,51.024244
-2.664813,51.024321
-2.664813,51.024321
-3.099688,51.0244
-3.099688,51.0244
-3.099688,51.0244
-3.104701,51.024757
-3.104701,51.024757
-3.104701,51.024757
-3.147223,51.024851
-3.119677,51.024947
-3.149409,51.024991
-3.102389,51.025264
-3.102389,51.025264
-3.102389,51.025264
-2.574769,51.025302
-3.147622,51.025413
-3.101239,51.025482
-3.103379,51.025534
-3.103379,51.025534
-3.103379,51.025534
-3.103379,51.025534
-3.208301,51.02562
-3.041554,51.025652
-3.089808,51.025679
-3.089808,51.025679
-3.089808,51.025679
-2.864447,51.025883
-3.104544,51.025954
-2.859701,51.026026
-3.090873,51.026119
-3.090873,51.026119
-3.111652,51.02622
-3.103254,51.026263
-3.103254,51.026263
-3.100633,51.026387
-3.100633,51.026387
-3.100633,51.026387
-3.121011,51.026445
-3.096272,51.026482
-3.096272,51.026482
-3.096272,51.026482
-2.953622,51.026502
-3.258603,51.026528
-2.762707,51.026609
-3.148279,51.026612
-3.131454,51.026659
-3.255474,51.026804
-3.101442,51.02682
-3.101442,51.02682
-3.101442,51.02682
-3.093334,51.027085
-3.119601,51.027088
-3.096865,51.027448
-3.130491,51.027514
-3.161934,51.02752
-3.063684,51.027521
-3.10106,51.027561
-3.087001,51.027594
-2.866433,51.027648
-3.148739,51.027884
-3.148739,51.027884
-3.148739,51.027884
-3.214365,51.027967
-3.221326,51.028038
-2.520977,51.028315
-3.106873,51.02854
-3.098903,51.028616
-3.098903,51.028616
-3.114719,51.028655
-3.114719,51.028655
-3.067463,51.028745
-2.693499,51.028947
-3.044139,51.028974
-3.090329,51.029047
-3.090329,51.029047
-3.095252,51.029189
-3.08633,51.029399
-3.08633,51.029399
-3.08633,51.029399
-3.08633,51.029399
-3.094361,51.029503
-3.131011,51.029541
-3.09586,51.029588
-3.101628,51.029867
-3.101628,51.029867
-3.092045,51.029876
-3.092045,51.029876
-3.092045,51.029876
-3.236493,51.029983
-3.116163,51.030008
-3.096014,51.030063
-3.077277,51.030112
-3.09757,51.030139
-3.09757,51.030139
-3.09757,51.030139
-3.09757,51.030139
-3.09757,51.030139
-3.09757,51.030139
-3.099659,51.030407
-3.099659,51.030407
-3.093991,51.030739
-3.130559,51.030876
-3.061784,51.031081
-3.061784,51.031081
-3.094584,51.031111
-3.077358,51.031154
-2.560853,51.031206
-3.036192,51.031356
-3.036192,51.031356
-3.091567,51.031364
-3.091567,51.031364
-3.091567,51.031364
-3.091567,51.031364
-3.091567,51.031364
-3.136338,51.031621
-3.092323,51.031968
-3.092323,51.031968
-3.099454,51.032019
-3.03133,51.032055
-3.0948,51.032413
-3.099523,51.032485
-3.099523,51.032485
-3.092468,51.032678
-3.092468,51.032678
-3.09726,51.032705
-3.09726,51.032705
-3.094366,51.03275
-3.094366,51.03275
-3.094366,51.03275
-3.094366,51.03275
-3.094366,51.03275
-3.094366,51.03275
-3.094366,51.03275
-3.094366,51.03275
-3.094366,51.03275
-3.094366,51.03275
-3.094366,51.03275
-3.062169,51.032948
-3.083947,51.032982
-2.446573,51.033065
-3.097295,51.033586
-3.099195,51.033694
-3.099195,51.033694
-3.100287,51.034034
-3.100287,51.034034
-3.105681,51.034199
-3.105681,51.034199
-3.107971,51.034519
-3.107971,51.034519
-3.056874,51.034651
-3.611447,51.034702
-3.095568,51.034717
-3.100019,51.034783
-3.144147,51.034836
-2.566503,51.034946
-2.566503,51.034946
-2.566503,51.034946
-3.095548,51.035086
-3.095548,51.035086
-3.095548,51.035086
-3.095548,51.035086
-3.059338,51.035159
-3.093871,51.035326
-3.093871,51.035326
-3.098637,51.035452
-3.098637,51.035452
-3.061671,51.035488
-3.097387,51.035653
-3.097387,51.035653
-2.562292,51.035812
-3.101334,51.036119
-3.090755,51.036273
-3.543487,51.036429
-3.543487,51.036429
-3.104296,51.036505
-3.104296,51.036505
-3.104296,51.036505
-2.829274,51.036506
-3.101639,51.036917
-3.101639,51.036917
-3.101639,51.036917
-2.828765,51.037562
-3.543871,51.038124
-3.543871,51.038124
-3.099058,51.038155
-3.099058,51.038155
-3.099058,51.038155
-3.099058,51.038155
-2.773023,51.03816
-3.184754,51.038307
-2.81988,51.038389
-3.183167,51.038701
-3.183167,51.038701
-3.183167,51.038701
-3.541453,51.038758
-2.827118,51.038787
-2.827118,51.038787
-2.911529,51.038896
-3.096178,51.039405
-3.096178,51.039405
-2.934047,51.039429
-3.545171,51.039465
-3.193335,51.039739
-3.189426,51.039743
-3.187292,51.039936
-3.187292,51.039936
-2.777127,51.040497
-3.18814,51.040736
-3.18814,51.040736
-3.18814,51.040736
-3.18814,51.040736
-3.18814,51.040736
-3.18814,51.040736
-3.18814,51.040736
-3.18814,51.040736
-3.548837,51.040747
-2.816812,51.041557
-2.823778,51.041832
-2.818599,51.042561
-3.311265,51.042702
-2.822091,51.04483
-3.079874,51.044899
-2.825012,51.046248
-2.426711,51.047365
-2.426711,51.047365
-2.426711,51.047365
-2.988207,51.04758
-3.056106,51.047948
-2.776967,51.047962
-2.992812,51.048117
-2.992812,51.048117
-2.992812,51.048117
-2.992812,51.048117
-3.358161,51.048856
-2.42065,51.050759
-2.41499,51.051166
-2.421402,51.051881
-2.421402,51.051881
-2.411933,51.05231
-2.411933,51.05231
-2.411933,51.05231
-2.734767,51.052389
-2.402121,51.052749
-2.734645,51.052759
-2.502419,51.054096
-3.196513,51.055147
-3.196513,51.055147
-3.196513,51.055147
-2.661846,51.055217
-2.661846,51.055217
-2.417625,51.055455
-3.477042,51.055481
-3.477042,51.055481
-2.41386,51.055577
-2.400163,51.055669
-3.108039,51.055911
-3.108039,51.055911
-3.108039,51.055911
-3.108039,51.055911
-3.108039,51.055911
-3.190193,51.056309
-2.626437,51.056599
-2.408406,51.056801
-2.407653,51.05719
-2.409071,51.057761
-2.422398,51.057812
-3.188539,51.060255
-3.447766,51.061539
-3.447766,51.061539
-3.324078,51.062332
-2.679068,51.064066
-3.187197,51.064136
-3.202354,51.066364
-3.184488,51.067005
-3.184488,51.067005
-3.184488,51.067005
-3.473834,51.069478
-2.421653,51.071609
-2.922119,51.072256
-3.499718,51.072332
-3.006065,51.073803
-3.456944,51.074321
-3.456944,51.074321
-3.456944,51.074321
-3.025509,51.074578
-3.025509,51.074578
-3.399385,51.074656
-2.619225,51.076403
-3.00285,51.076924
-3.33838,51.079741
-3.33838,51.079741
-3.30062,51.083818
-2.740459,51.084555
-3.207191,51.084964
-2.518261,51.085248
-3.539394,51.085503
-3.249315,51.085691
-2.909711,51.085887
-3.014697,51.087307
-3.011394,51.087749
-3.011394,51.087749
-3.011394,51.087749
-2.515606,51.087822
-2.649208,51.088083
-3.013007,51.0884
-2.514501,51.088619
-2.563934,51.089964
-3.016218,51.090279
-3.018407,51.090458
-2.51495,51.090514
-2.518463,51.090516
-2.518463,51.090516
-2.518463,51.090516
-3.178587,51.090886
-3.537939,51.091143
-3.537939,51.091143
-3.537939,51.091143
-2.892758,51.091503
-2.946158,51.092
-3.013349,51.092291
-3.406778,51.09248
-3.406778,51.09248
-2.891214,51.092899
-3.016356,51.093308
-2.891683,51.094263
-3.234883,51.094926
-3.007706,51.095415
-3.139942,51.097644
-3.139942,51.097644
-3.265458,51.098071
-3.265458,51.098071
-3.265458,51.098071
-3.265458,51.098071
-3.265458,51.098071
-3.265458,51.098071
-3.459663,51.098558
-3.053026,51.098918
-3.053026,51.098918
-3.053026,51.098918
-3.053026,51.098918
-3.053026,51.098918
-3.053026,51.098918
-3.387829,51.099182
-3.000772,51.09971
-3.000772,51.09971
-2.982767,51.099899
-2.779407,51.104903
-3.307707,51.105285
-3.477907,51.105469
-3.041012,51.106418
-3.041012,51.106418
-2.998348,51.10652
-2.998348,51.10652
-2.998348,51.10652
-2.998348,51.10652
-2.998348,51.10652
-3.000569,51.108165
-2.922349,51.108224
-2.456054,51.108275
-3.423427,51.109635
-3.423427,51.109635
-3.014445,51.109736
-3.014445,51.109736
-3.014445,51.109736
-2.455313,51.10987
-3.013463,51.109897
-2.926048,51.110362
-2.926048,51.110362
-2.926048,51.110362
-2.926048,51.110362
-3.015318,51.110466
-3.015318,51.110466
-3.015318,51.110466
-3.015318,51.110466
-3.012593,51.110624
-2.990841,51.110792
-2.996086,51.110901
-2.9981,51.110902
-3.27593,51.111167
-3.228874,51.111176
-2.654006,51.111391
-2.447788,51.111625
-2.459388,51.111688
-2.451375,51.111854
-2.997993,51.11191
-2.996436,51.111914
-2.453397,51.112629
-2.453397,51.112629
-2.453105,51.113466
-3.00808,51.113927
-3.00808,51.113927
-3.00808,51.113927
-3.00749,51.1144
-2.661149,51.114417
-2.661149,51.114417
-3.012736,51.114517
-3.00594,51.114719
-3.000555,51.114792
-3.015632,51.115633
-3.015632,51.115633
-3.004424,51.115955
-3.004424,51.115955
-3.004424,51.115955
-3.004424,51.115955
-3.014183,51.116006
-3.007913,51.116105
-3.007913,51.116105
-3.007913,51.116105
-3.007913,51.116105
-3.007913,51.116105
-3.007913,51.116105
-3.007913,51.116105
-3.013824,51.116611
-3.004141,51.11674
-3.002231,51.11699
-3.002231,51.11699
-3.004996,51.117308
-3.004996,51.117308
-3.004996,51.117308
-3.004996,51.117308
-3.004996,51.117308
-3.004996,51.117308
-3.004996,51.117308
-2.999171,51.11752
-2.999171,51.11752
-2.981604,51.117821
-2.750264,51.117863
-3.00877,51.118094
-2.991643,51.118231
-3.000679,51.118559
-2.999552,51.118614
-2.999552,51.118614
-2.999552,51.118614
-2.999552,51.118614
-3.002414,51.119488
-3.001431,51.119596
-2.986691,51.119847
-2.73621,51.119957
-2.73621,51.119957
-3.000828,51.120131
-3.000828,51.120131
-2.998023,51.120614
-2.998023,51.120614
-2.998023,51.120614
-2.979031,51.121125
-3.001482,51.121978
-2.980895,51.122126
-2.98709,51.122469
-2.741013,51.122777
-2.747433,51.123033
-2.731731,51.123097
-3.018955,51.123167
-2.732264,51.123363
-2.754914,51.123489
-2.748173,51.123748
-2.748173,51.123748
-3.022541,51.123783
-2.976232,51.123918
-3.001253,51.12394
-3.001253,51.12394
-3.001253,51.12394
-3.001253,51.12394
-3.001253,51.12394
-2.999045,51.124238
-2.999045,51.124238
-2.999045,51.124238
-2.999045,51.124238
-3.006526,51.124615
-3.006526,51.124615
-3.00334,51.124624
-3.00334,51.124624
-3.00334,51.124624
-3.00334,51.124624
-3.00334,51.124624
-3.00334,51.124624
-3.00334,51.124624
-2.74433,51.124627
-2.986594,51.124677
-2.999529,51.12481
-2.999529,51.12481
-2.999529,51.12481
-2.999529,51.12481
-2.739761,51.124854
-2.995243,51.124864
-3.018365,51.124935
-3.010978,51.12499
-3.021153,51.124991
-3.004005,51.125005
-3.004005,51.125005
-3.004005,51.125005
-2.975713,51.125065
-3.008156,51.12532
-3.009371,51.125327
-2.743072,51.12548
-2.743072,51.12548
-3.01485,51.125604
-3.389023,51.12566
-3.389023,51.12566
-3.389023,51.12566
-3.389023,51.12566
-2.729714,51.125663
-3.001149,51.12574
-3.001149,51.12574
-3.001149,51.12574
-3.001149,51.12574
-3.027201,51.125811
-3.027201,51.125811
-2.980304,51.125916
-2.980304,51.125916
-3.010745,51.126062
-3.010745,51.126062
-3.010745,51.126062
-3.010745,51.126062
-3.010745,51.126062
-2.738265,51.126068
-2.738265,51.126068
-2.738265,51.126068
-2.984052,51.126119
-2.984052,51.126119
-2.984052,51.126119
-2.984052,51.126119
-2.986596,51.126133
-2.986596,51.126133
-2.986596,51.126133
-2.986596,51.126133
-3.009275,51.126165
-3.009275,51.126165
-3.009275,51.126165
-3.009275,51.126165
-3.001816,51.126193
-2.74084,51.126249
-2.74084,51.126249
-2.74084,51.126249
-2.74084,51.126249
-3.00539,51.126252
-3.007248,51.126272
-3.007248,51.126272
-2.744642,51.126279
-3.030203,51.126504
-2.986375,51.126504
-2.997865,51.126505
-2.997865,51.126505
-2.997865,51.126505
-3.005639,51.126511
-2.991721,51.12654
-3.001125,51.126621
-3.001125,51.126621
-3.001125,51.126621
-3.015501,51.126632
-3.011144,51.126679
-3.011144,51.126679
-3.011144,51.126679
-3.011144,51.126679
-3.011144,51.126679
-3.011144,51.126679
-2.987538,51.126737
-3.002286,51.126791
-3.002286,51.126791
-3.002286,51.126791
-2.990799,51.126871
-2.978196,51.126923
-3.006462,51.126935
-2.726033,51.12699
-3.005606,51.127005
-2.974554,51.127008
-2.996404,51.127039
-2.996404,51.127039
-2.996404,51.127039
-2.996404,51.127039
-2.996404,51.127039
-2.996404,51.127039
-2.996404,51.127039
-2.991549,51.12718
-3.008284,51.127234
-3.008284,51.127234
-3.008284,51.127234
-3.008284,51.127234
-3.008284,51.127234
-3.008284,51.127234
-3.008284,51.127234
-3.008284,51.127234
-3.008284,51.127234
-3.008284,51.127234
-3.008284,51.127234
-3.008284,51.127234
-3.008284,51.127234
-3.008284,51.127234
-3.008284,51.127234
-3.008284,51.127234
-3.008284,51.127234
-2.755019,51.12731
-2.755019,51.12731
-2.755019,51.12731
-2.736985,51.127326
-3.014259,51.127335
-2.737371,51.127359
-2.993582,51.127369
-2.993582,51.127369
-2.993582,51.127369
-2.993582,51.127369
-2.993582,51.127369
-2.993582,51.127369
-2.993582,51.127369
-2.993582,51.127369
-2.993582,51.127369
-2.993582,51.127369
-3.00926,51.127442
-3.005189,51.127504
-3.005189,51.127504
-3.005189,51.127504
-3.005189,51.127504
-3.006349,51.127656
-3.006349,51.127656
-3.006349,51.127656
-3.006349,51.127656
-3.006349,51.127656
-3.006349,51.127656
-3.007423,51.127763
-3.007423,51.127763
-3.007423,51.127763
-3.007423,51.127763
-3.007423,51.127763
-3.007423,51.127763
-3.007423,51.127763
-3.007423,51.127763
-3.010199,51.127892
-3.010199,51.127892
-3.010199,51.127892
-3.002569,51.127976
-3.002569,51.127976
-3.002569,51.127976
-3.002569,51.127976
-3.002569,51.127976
-3.002569,51.127976
-3.002569,51.127976
-3.002569,51.127976
-3.021533,51.127982
-3.005771,51.128002
-3.005771,51.128002
-3.005771,51.128002
-3.005771,51.128002
-3.005771,51.128002
-3.001056,51.128034
-3.001056,51.128034
-2.97409,51.128082
-3.00413,51.128124
-3.00413,51.128124
-3.00413,51.128124
-3.00413,51.128124
-3.00413,51.128124
-3.008203,51.128125
-3.008203,51.128125
-2.999601,51.128163
-2.741943,51.128167
-3.001631,51.128218
-3.001631,51.128218
-2.984969,51.128224
-2.984969,51.128224
-2.994773,51.128249
-3.011181,51.128396
-3.001109,51.128492
-3.018872,51.1285
-3.018872,51.1285
-3.018872,51.1285
-2.741963,51.128553
-2.740092,51.128619
-2.740092,51.128619
-2.740092,51.128619
-2.740092,51.128619
-2.740092,51.128619
-3.01289,51.128759
-3.01289,51.128759
-3.004775,51.128874
-2.984325,51.128886
-2.992186,51.12891
-3.002232,51.128914
-3.002232,51.128914
-3.002232,51.128914
-3.002232,51.128914
-3.002232,51.128914
-3.002232,51.128914
-3.002232,51.128914
-3.326854,51.128927
-2.995145,51.128974
-2.995145,51.128974
-2.995145,51.128974
-3.007707,51.128975
-3.007707,51.128975
-2.976168,51.129008
-2.999148,51.12903
-2.999148,51.12903
-2.999148,51.12903
-2.999148,51.12903
-2.999148,51.12903
-2.999148,51.12903
-3.002622,51.129072
-3.002622,51.129072
-3.002622,51.129072
-3.002622,51.129072
-3.002622,51.129072
-2.973568,51.129075
-3.01497,51.129101
-3.01497,51.129101
-3.003638,51.129136
-3.003638,51.129136
-3.003638,51.129136
-3.006325,51.129148
-3.006325,51.129148
-3.006325,51.129148
-3.006325,51.129148
-3.006325,51.129148
-3.006325,51.129148
-3.006325,51.129148
-3.006325,51.129148
-3.006325,51.129148
-3.325304,51.129214
-2.993036,51.129217
-2.993036,51.129217
-2.993036,51.129217
-2.7343,51.129258
-3.453057,51.129288
-3.453057,51.129288
-3.453057,51.129288
-2.735188,51.129342
-2.735188,51.129342
-2.735188,51.129342
-2.735188,51.129342
-2.998412,51.12936
-3.005143,51.129365
-3.005143,51.129365
-3.004259,51.129463
-2.999703,51.129574
-2.984119,51.129913
-2.984119,51.129913
-3.002168,51.129922
-2.815843,51.130021
-2.999257,51.130117
-2.999257,51.130117
-2.999257,51.130117
-2.999257,51.130117
-2.999257,51.130117
-3.000045,51.130209
-2.736931,51.130249
-3.008139,51.130455
-3.008139,51.130455
-3.008139,51.130455
-3.008139,51.130455
-3.004524,51.130459
-3.010986,51.130574
-2.996899,51.130758
-2.746573,51.130817
-2.746573,51.130817
-2.97615,51.130879
-3.014055,51.131042
-2.983886,51.131093
-2.982903,51.131227
-2.982903,51.131227
-2.982903,51.131227
-2.982903,51.131227
-2.982903,51.131227
-2.982903,51.131227
-2.982903,51.131227
-2.982903,51.131227
-2.982903,51.131227
-2.982903,51.131227
-2.982903,51.131227
-2.992968,51.131394
-2.992968,51.131394
-2.992968,51.131394
-2.977133,51.131401
-2.987868,51.131473
-2.987868,51.131473
-2.987868,51.131473
-2.987868,51.131473
-2.982594,51.131473
-2.982594,51.131473
-2.982594,51.131473
-2.982594,51.131473
-2.994428,51.13148
-2.994428,51.13148
-2.994428,51.13148
-2.994428,51.13148
-3.01711,51.131555
-2.734409,51.131577
-2.734409,51.131577
-3.467182,51.131692
-3.467182,51.131692
-3.467182,51.131692
-3.467182,51.131692
-3.014813,51.131719
-2.99519,51.131735
-3.442045,51.131789
-2.99179,51.1318
-2.983973,51.131812
-2.983973,51.131812
-2.983973,51.131812
-2.976456,51.131821
-2.976456,51.131821
-2.998265,51.131834
-2.998265,51.131834
-2.998265,51.131834
-2.97563,51.13198
-2.97563,51.13198
-2.97563,51.13198
-2.97563,51.13198
-2.97563,51.13198
-3.006072,51.131992
-2.476582,51.132014
-2.983279,51.132087
-2.983279,51.132087
-3.010376,51.132099
-3.010376,51.132099
-2.808991,51.132119
-2.808991,51.132119
-2.808991,51.132119
-3.041934,51.132137
-3.041934,51.132137
-2.993057,51.132193
-2.977402,51.132613
-3.004056,51.132621
-3.004056,51.132621
-3.004056,51.132621
-2.976131,51.13266
-2.976131,51.13266
-2.976131,51.13266
-2.976703,51.132718
-2.995069,51.132725
-2.995069,51.132725
-2.995069,51.132725
-2.995069,51.132725
-2.995069,51.132725
-2.995069,51.132725
-2.995069,51.132725
-2.998127,51.132726
-2.998127,51.132726
-2.998127,51.132726
-3.010864,51.132832
-3.010864,51.132832
-2.985571,51.13303
-2.985571,51.13303
-3.010612,51.133095
-2.943969,51.133149
-2.97813,51.133254
-2.97813,51.133254
-2.97813,51.133254
-2.97813,51.133254
-2.977336,51.133549
-2.977336,51.133549
-2.977336,51.133549
-2.977336,51.133549
-2.984425,51.133579
-2.984425,51.133579
-2.984425,51.133579
-2.984425,51.133579
-2.976295,51.133692
-2.976295,51.133692
-2.986629,51.133696
-3.006211,51.133798
-3.006211,51.133798
-3.006211,51.133798
-3.006211,51.133798
-3.300368,51.133882
-3.300368,51.133882
-3.300368,51.133882
-3.300368,51.133882
-3.300368,51.133882
-2.99092,51.133884
-2.99092,51.133884
-2.99092,51.133884
-2.99092,51.133884
-3.005241,51.133888
-3.403039,51.13408
-2.993113,51.134144
-2.993113,51.134144
-2.993113,51.134144
-2.993113,51.134144
-2.975396,51.13441
-2.977826,51.134435
-2.977826,51.134435
-2.977826,51.134435
-2.977826,51.134435
-2.980659,51.134564
-3.00666,51.134694
-3.00666,51.134694
-3.00666,51.134694
-3.629792,51.134709
-2.985309,51.134813
-2.985309,51.134813
-2.985309,51.134813
-2.985309,51.134813
-2.998945,51.134841
-2.974248,51.13487
-3.012281,51.134888
-2.979971,51.135181
-2.979971,51.135181
-2.979971,51.135181
-2.979971,51.135181
-2.974869,51.135188
-3.006985,51.135213
-3.025524,51.135231
-2.983576,51.135313
-2.983576,51.135313
-2.986053,51.135544
-2.986053,51.135544
-2.976392,51.135571
-2.999606,51.135699
-2.999606,51.135699
-2.999606,51.135699
-2.976525,51.135786
-2.580961,51.136047
-2.98042,51.136113
-2.988189,51.136488
-3.010958,51.1365
-2.976341,51.136534
-3.005728,51.136536
-3.005728,51.136536
-2.993836,51.136566
-2.993836,51.136566
-2.993836,51.136566
-2.980808,51.136892
-2.980808,51.136892
-2.980808,51.136892
-2.980808,51.136892
-2.994075,51.137041
-3.004011,51.137118
-2.974095,51.137128
-3.01056,51.137259
-2.976343,51.137307
-2.976343,51.137307
-2.977931,51.137366
-3.564299,51.137627
-3.009212,51.137675
-2.974605,51.138248
-3.012729,51.138373
-2.832,51.13845
-2.980199,51.138525
-2.980199,51.138525
-3.003686,51.138622
-2.975913,51.138632
-2.975913,51.138632
-3.001786,51.138665
-3.001786,51.138665
-3.007006,51.1388
-3.007006,51.1388
-2.974002,51.138819
-2.996962,51.139012
-3.006043,51.139186
-2.980714,51.139222
-2.801527,51.139319
-2.801527,51.139319
-2.801527,51.139319
-2.801527,51.139319
-2.801527,51.139319
-2.801527,51.139319
-2.993597,51.139392
-2.976489,51.139509
-2.976489,51.139509
-2.980865,51.13958
-2.980865,51.13958
-2.980865,51.13958
-2.980865,51.13958
-2.832437,51.139652
-3.003538,51.139693
-3.003538,51.139693
-3.012631,51.139768
-2.978025,51.139802
-3.531545,51.140039
-3.531545,51.140039
-3.531545,51.140039
-2.517621,51.140373
-2.734691,51.140379
-2.734691,51.140379
-2.976971,51.141312
-3.753682,51.141325
-3.006791,51.141392
-3.006791,51.141392
-2.647574,51.141802
-2.707558,51.142021
-2.712866,51.142384
-2.728708,51.142566
-2.728708,51.142566
-3.343651,51.142889
-3.343651,51.142889
-3.343651,51.142889
-3.343651,51.142889
-3.343651,51.142889
-3.343651,51.142889
-3.024282,51.143048
-2.716408,51.143055
-2.731961,51.143058
-2.725945,51.143194
-3.405517,51.143672
-2.708386,51.14385
-2.718761,51.14456
-2.549332,51.144607
-2.894978,51.145098
-2.719819,51.14548
-3.447347,51.145491
-2.971728,51.145546
-2.991616,51.145676
-2.991616,51.145676
-2.991616,51.145676
-2.991616,51.145676
-2.991616,51.145676
-2.991616,51.145676
-2.991616,51.145676
-2.991616,51.145676
-2.991616,51.145676
-2.991616,51.145676
-2.991616,51.145676
-2.991616,51.145676
-2.504543,51.145717
-3.273442,51.145878
-2.711406,51.145954
-2.711406,51.145954
-2.720007,51.14654
-2.710419,51.146842
-2.721299,51.146856
-2.721299,51.146856
-2.721299,51.146856
-3.080531,51.147217
-2.717874,51.147264
-2.717874,51.147264
-2.717874,51.147264
-2.717874,51.147264
-2.717874,51.147264
-2.717874,51.147264
-2.504145,51.147283
-2.903158,51.147418
-2.903158,51.147418
-2.715791,51.147573
-2.71399,51.147593
-2.71399,51.147593
-2.90558,51.147705
-2.711405,51.147744
-2.446966,51.147831
-2.71511,51.147874
-2.712165,51.147874
-2.720859,51.147983
-2.717815,51.148055
-2.717815,51.148055
-3.164933,51.148142
-3.056434,51.148175
-2.718132,51.148224
-2.718132,51.148224
-2.505557,51.148258
-2.720523,51.148479
-2.71665,51.148548
-2.714277,51.148553
-2.503465,51.149193
-2.720397,51.149532
-2.719702,51.149896
-3.360131,51.150081
-2.706238,51.150149
-3.155208,51.150307
-2.867271,51.150315
-2.505667,51.15046
-2.722172,51.150573
-2.469584,51.150808
-2.719359,51.150824
-3.52341,51.150874
-2.720707,51.151113
-2.720707,51.151113
-2.720707,51.151113
-2.708944,51.151338
-2.503847,51.151394
-2.498628,51.151408
-2.498628,51.151408
-2.944475,51.151651
-2.942533,51.151774
-2.492271,51.151902
-2.988738,51.152166
-2.988738,51.152166
-2.988738,51.152166
-2.988738,51.152166
-2.988738,51.152166
-2.988738,51.152166
-2.988738,51.152166
-2.988738,51.152166
-2.988738,51.152166
-2.988738,51.152166
-2.711502,51.152194
-3.06525,51.152285
-2.410837,51.152468
-3.062152,51.152493
-3.062152,51.152493
-3.159657,51.152682
-2.891191,51.153319
-2.711401,51.154937
-3.160049,51.155772
-2.915995,51.15747
-2.915995,51.15747
-2.950218,51.157647
-3.319951,51.157997
-2.711317,51.158724
-3.321265,51.158926
-3.319641,51.159646
-3.319641,51.159646
-3.360155,51.159649
-3.360155,51.159649
-3.360155,51.159649
-3.321128,51.159665
-2.921087,51.159696
-2.921087,51.159696
-3.321486,51.160173
-3.359763,51.160436
-3.359763,51.160436
-2.582012,51.160536
-2.582012,51.160536
-2.702924,51.160681
-3.321005,51.160835
-3.321005,51.160835
-3.319484,51.161158
-3.321648,51.161314
-3.31964,51.161615
-3.31964,51.161615
-2.938381,51.162059
-2.938381,51.162059
-2.938381,51.162059
-2.938381,51.162059
-2.938381,51.162059
-2.938381,51.162059
-2.938381,51.162059
-2.938381,51.162059
-3.322571,51.162598
-2.937251,51.162715
-2.937251,51.162715
-2.935849,51.162735
-2.936966,51.162798
-2.936966,51.162798
-2.936966,51.162798
-2.936966,51.162798
-2.986895,51.162918
-2.986895,51.162918
-2.986895,51.162918
-2.986895,51.162918
-2.938971,51.16361
-3.312732,51.163617
-2.586358,51.16385
-3.363612,51.163907
-3.363612,51.163907
-2.937776,51.163925
-2.584389,51.164148
-3.321548,51.164318
-2.570466,51.164729
-2.935993,51.164883
-3.313593,51.165226
-3.205144,51.166574
-3.205144,51.166574
-2.581717,51.167758
-3.494431,51.168226
-2.970701,51.168827
-3.377823,51.168992
-2.975214,51.169868
-3.334347,51.170216
-2.931383,51.171026
-2.935032,51.171105
-2.781068,51.171254
-3.221372,51.172853
-3.41587,51.173178
-3.416864,51.1734
-3.421467,51.173758
-3.419736,51.174237
-3.061047,51.17475
-3.072139,51.175
-3.328623,51.175119
-3.061353,51.176213
-3.322885,51.177064
-3.326626,51.177318
-3.323274,51.177671
-3.323274,51.177671
-3.376027,51.177853
-3.328037,51.178138
-3.328037,51.178138
-3.301099,51.178657
-3.322263,51.178842
-3.529521,51.17913
-3.324359,51.179583
-3.320761,51.179839
-3.328689,51.180406
-3.326949,51.180597
-3.326949,51.180597
-3.326949,51.180597
-3.326949,51.180597
-3.005416,51.180718
-3.146544,51.180877
-3.1452,51.180917
-3.143355,51.180953
-3.140642,51.181177
-3.328914,51.181276
-3.001594,51.181281
-3.001594,51.181281
-3.001594,51.181281
-3.33014,51.181621
-3.340888,51.181705
-3.329922,51.181984
-3.329922,51.181984
-3.335815,51.182429
-3.335815,51.182429
-3.218013,51.182726
-2.540601,51.182765
-3.445105,51.183081
-2.855627,51.184005
-3.445372,51.18431
-2.533143,51.184948
-2.549853,51.186013
-2.549853,51.186013
-2.536781,51.186514
-2.551542,51.187228
-2.551542,51.187228
-2.551542,51.187228
-2.535763,51.187571
-2.546681,51.187611
-2.546681,51.187611
-2.557786,51.187657
-2.557786,51.187657
-2.53857,51.187747
-3.439958,51.187794
-3.439958,51.187794
-3.439958,51.187794
-3.439958,51.187794
-3.439958,51.187794
-2.50524,51.188642
-2.548326,51.188718
-2.548326,51.188718
-2.548326,51.188718
-2.549545,51.188964
-2.549545,51.188964
-2.543636,51.189019
-2.47667,51.189086
-2.553733,51.189771
-2.53539,51.18992
-2.547439,51.18999
-2.547439,51.18999
-2.547439,51.18999
-2.547439,51.18999
-2.547439,51.18999
-2.547439,51.18999
-2.547439,51.18999
-2.547439,51.18999
-3.014107,51.190157
-2.546197,51.190167
-3.440157,51.190525
-2.542167,51.190644
-2.546119,51.190904
-2.547384,51.191357
-2.549161,51.191537
-2.545054,51.191548
-2.546953,51.192438
-2.546953,51.192438
-2.55235,51.192575
-2.554328,51.192889
-2.548874,51.193877
-2.548874,51.193877
-2.996405,51.194113
-3.46267,51.19422
-3.003951,51.194309
-2.54629,51.194464
-3.465176,51.194702
-3.185361,51.194895
-2.803751,51.194921
-3.4573,51.195016
-3.4573,51.195016
-3.4573,51.195016
-3.4573,51.195016
-3.46495,51.195703
-2.591779,51.196284
-3.470851,51.196303
-3.463755,51.196851
-3.463755,51.196851
-3.463755,51.196851
-3.457114,51.196853
-3.457114,51.196853
-3.457114,51.196853
-3.457114,51.196853
-3.457114,51.196853
-3.457114,51.196853
-3.457114,51.196853
-3.457114,51.196853
-3.458253,51.197117
-3.458253,51.197117
-3.468318,51.197648
-3.468318,51.197648
-3.468318,51.197648
-3.468318,51.197648
-3.468318,51.197648
-3.457763,51.197906
-2.940857,51.19799
-2.940857,51.19799
-2.958149,51.19811
-2.958149,51.19811
-3.465306,51.198378
-3.468041,51.198856
-2.941844,51.199349
-3.46503,51.200036
-2.320005,51.200167
-3.480393,51.200634
-2.941002,51.200857
-3.05767,51.20093
-3.05767,51.20093
-2.489116,51.201003
-3.471233,51.2011
-3.471233,51.2011
-3.471233,51.2011
-3.474841,51.201136
-3.464101,51.201441
-3.464101,51.201441
-3.464101,51.201441
-3.464101,51.201441
-3.518514,51.202043
-2.996519,51.202052
-3.469621,51.202173
-2.661639,51.202672
-2.655303,51.202995
-2.655303,51.202995
-3.483295,51.203178
-2.651284,51.203234
-3.465977,51.203261
-2.706637,51.203371
-2.939408,51.203433
-2.991239,51.203446
-3.477966,51.203506
-3.477966,51.203506
-3.477966,51.203506
-3.477966,51.203506
-2.986603,51.203548
-3.478973,51.203655
-3.478973,51.203655
-3.478973,51.203655
-3.472147,51.203723
-3.472147,51.203723
-3.472147,51.203723
-2.362699,51.203783
-3.479993,51.203786
-2.652254,51.204037
-2.699003,51.204046
-2.656148,51.204079
-2.656148,51.204079
-2.656148,51.204079
-2.656148,51.204079
-3.479049,51.204248
-3.469274,51.204758
-3.469274,51.204758
-3.469274,51.204758
-2.939039,51.205
-2.939039,51.205
-3.47656,51.205188
-3.596153,51.205343
-3.480073,51.205386
-3.480073,51.205386
-3.480073,51.205386
-3.495906,51.2054
-3.476238,51.205425
-2.938434,51.205518
-2.938434,51.205518
-2.993116,51.205552
-3.47358,51.205567
-3.47358,51.205567
-3.47358,51.205567
-3.474945,51.205739
-3.474945,51.205739
-3.474945,51.205739
-3.477952,51.205773
-2.660152,51.205801
-3.476237,51.205857
-3.476237,51.205857
-3.461711,51.205977
-3.461711,51.205977
-3.461711,51.205977
-3.461711,51.205977
-3.461711,51.205977
-3.461711,51.205977
-3.461711,51.205977
-3.461711,51.205977
-3.461711,51.205977
-3.461711,51.205977
-3.461711,51.205977
-3.461711,51.205977
-3.461711,51.205977
-3.461711,51.205977
-3.461711,51.205977
-3.461711,51.205977
-3.461711,51.205977
-3.461711,51.205977
-3.461711,51.205977
-3.461711,51.205977
-3.461711,51.205977
-3.461711,51.205977
-3.461711,51.205977
-3.47923,51.206314
-2.652903,51.206426
-3.476374,51.206557
-3.473555,51.206592
-3.473555,51.206592
-2.756833,51.206735
-3.469657,51.206893
-3.469657,51.206893
-3.490961,51.206992
-2.674342,51.207059
-3.575772,51.207122
-3.458221,51.207423
-2.65319,51.207449
-2.98832,51.207517
-2.72162,51.207748
-2.72162,51.207748
-3.596168,51.207843
-3.475443,51.20789
-3.475443,51.20789
-3.475443,51.20789
-2.987155,51.207922
-2.685592,51.207974
-2.657249,51.208002
-3.473243,51.208017
-2.650235,51.20805
-2.67314,51.208118
-3.471848,51.208277
-2.646947,51.20832
-2.646947,51.20832
-2.646947,51.20832
-2.646947,51.20832
-2.646981,51.208734
-2.646023,51.208829
-2.646023,51.208829
-2.646023,51.208829
-2.646023,51.208829
-2.543688,51.209259
-2.661291,51.209337
-2.645344,51.209363
-2.655852,51.209395
-2.655852,51.209395
-2.655852,51.209395
-2.649755,51.209519
-2.691445,51.209738
-2.965434,51.209758
-2.965434,51.209758
-3.547575,51.209836
-2.646395,51.209852
-2.695697,51.210729
-3.594641,51.210895
-2.655587,51.212939
-2.635878,51.213273
-2.626644,51.213349
-2.638886,51.213409
-2.63003,51.213853
-2.773424,51.214485
-2.773424,51.214485
-2.636158,51.215987
-2.3303,51.216747
-2.614823,51.21691
-2.600721,51.216983
-2.600721,51.216983
-2.964231,51.217258
-2.978911,51.218126
-3.508322,51.218262
-2.967162,51.21843
-2.967162,51.21843
-2.97507,51.2193
-2.97507,51.2193
-2.97507,51.2193
-2.97507,51.2193
-2.97314,51.21946
-2.97314,51.21946
-2.976352,51.219649
-2.976352,51.219649
-2.973946,51.21966
-2.973946,51.21966
-2.975193,51.219685
-2.976751,51.220266
-2.976751,51.220266
-2.317152,51.220308
-2.320733,51.220415
-2.979994,51.220563
-2.329053,51.220617
-2.329053,51.220617
-2.977806,51.220689
-2.976202,51.220702
-2.976202,51.220702
-2.976202,51.220702
-2.976202,51.220702
-2.979539,51.22071
-2.979539,51.22071
-2.979539,51.22071
-2.97301,51.220738
-2.317159,51.221261
-2.973541,51.221471
-2.973541,51.221471
-2.973541,51.221471
-2.977266,51.221574
-2.320184,51.221855
-2.320184,51.221855
-2.975074,51.222195
-2.975074,51.222195
-2.975074,51.222195
-2.976179,51.223013
-2.3231,51.223142
-2.3231,51.223142
-2.3231,51.223142
-2.80184,51.223295
-2.972649,51.223321
-2.972649,51.223321
-2.972649,51.223321
-2.972649,51.223321
-2.525654,51.223351
-2.525654,51.223351
-2.984221,51.223369
-2.971949,51.223417
-2.971949,51.223417
-2.971949,51.223417
-2.962114,51.223561
-2.979342,51.223607
-2.979342,51.223607
-2.979342,51.223607
-2.646403,51.223655
-2.442692,51.224072
-2.318382,51.224261
-2.314561,51.224496
-2.984779,51.224731
-2.822515,51.224734
-2.980571,51.224802
-2.328969,51.22487
-2.980946,51.224961
-2.980946,51.224961
-2.327883,51.225143
-2.817598,51.225281
-2.962953,51.225344
-2.969442,51.225407
-2.61269,51.225562
-2.972771,51.225703
-2.314211,51.22572
-2.317204,51.225721
-2.816231,51.225722
-2.816231,51.225722
-2.324165,51.225945
-2.328019,51.226141
-2.328019,51.226141
-2.328019,51.226141
-2.809666,51.22619
-2.991542,51.226211
-2.991542,51.226211
-2.991542,51.226211
-2.332101,51.226273
-2.321805,51.226347
-2.806375,51.226348
-2.978926,51.22692
-2.330402,51.226934
-2.330402,51.226934
-2.330402,51.226934
-2.495364,51.227017
-2.316425,51.227036
-2.337105,51.227104
-2.890569,51.22714
-2.322642,51.227253
-2.322642,51.227253
-2.310297,51.227268
-2.312304,51.227523
-2.894533,51.227757
-2.894533,51.227757
-2.314483,51.227805
-2.324193,51.227842
-2.89279,51.227951
-2.987355,51.227982
-2.322061,51.228189
-2.88913,51.228311
-2.32182,51.228451
-2.810952,51.228466
-2.329425,51.228573
-2.329425,51.228573
-2.329425,51.228573
-2.329425,51.228573
-2.325517,51.228719
-2.322652,51.228736
-2.323497,51.228743
-2.330988,51.228848
-2.99385,51.22897
-2.99385,51.22897
-2.99385,51.22897
-2.307946,51.229019
-2.524144,51.229077
-2.316799,51.229274
-2.975874,51.229544
-2.975874,51.229544
-2.324163,51.229649
-2.324163,51.229649
-2.324163,51.229649
-2.319938,51.229679
-2.319938,51.229679
-2.319938,51.229679
-2.976624,51.229826
-2.976624,51.229826
-2.320255,51.230038
-2.323507,51.230155
-2.322219,51.23032
-2.321075,51.230476
-3.000919,51.23069
-2.327536,51.230728
-2.325402,51.230743
-2.325402,51.230743
-2.51285,51.230853
-2.987447,51.230922
-2.320734,51.230945
-2.326936,51.230954
-2.326936,51.230954
-2.325906,51.231074
-2.320523,51.23144
-2.320523,51.23144
-2.320523,51.23144
-2.30855,51.231445
-2.32081,51.231574
-2.32081,51.231574
-2.318076,51.231716
-2.328402,51.231724
-2.328402,51.231724
-2.328402,51.231724
-2.321972,51.23175
-2.321972,51.23175
-2.32634,51.231756
-2.324837,51.231886
-2.324837,51.231886
-2.330494,51.231888
-2.333116,51.23198
-2.333116,51.23198
-2.333116,51.23198
-2.322434,51.232262
-2.331171,51.232417
-2.331171,51.232417
-2.32235,51.232631
-2.320202,51.232681
-2.326792,51.232852
-2.303378,51.233446
-2.303378,51.233446
-2.986613,51.233447
-2.986613,51.233447
-2.334974,51.233458
-2.99468,51.233594
-2.99468,51.233594
-2.329275,51.233672
-2.348798,51.233679
-2.517637,51.23371
-2.517637,51.23371
-2.517637,51.23371
-2.517637,51.23371
-2.517637,51.23371
-2.998336,51.233779
-2.998336,51.233779
-2.998336,51.233779
-2.305773,51.233952
-2.308467,51.234044
-2.314296,51.234064
-2.321114,51.234082
-2.998574,51.234154
-2.998574,51.234154
-2.998574,51.234154
-2.325713,51.234168
-2.325713,51.234168
-2.996747,51.234476
-2.996747,51.234476
-2.33799,51.234547
-2.33799,51.234547
-2.304462,51.234882
-2.338394,51.234923
-2.326836,51.235046
-2.315893,51.235049
-2.310164,51.235082
-2.310164,51.235082
-2.310164,51.235082
-2.310164,51.235082
-2.998309,51.235164
-2.29792,51.235456
-2.304695,51.235474
-2.304695,51.235474
-2.997159,51.235623
-2.997159,51.235623
-2.997159,51.235623
-2.997159,51.235623
-2.328874,51.235652
-2.994653,51.235672
-2.996817,51.235707
-2.998283,51.235964
-2.318334,51.235978
-2.992755,51.236011
-2.386286,51.236061
-2.997059,51.236334
-2.951424,51.236373
-2.98443,51.23654
-2.98443,51.23654
-2.716313,51.236592
-2.994493,51.236878
-2.997202,51.236945
-2.997202,51.236945
-2.997202,51.236945
-2.989383,51.237038
-2.99122,51.237238
-2.988977,51.237518
-2.541921,51.237934
-2.541921,51.237934
-2.541921,51.237934
-2.302766,51.238339
-2.9956,51.238415
-2.9956,51.238415
-2.9956,51.238415
-2.9956,51.238415
-2.9956,51.238415
-2.9956,51.238415
-2.318509,51.238423
-2.301278,51.238585
-2.301481,51.238954
-2.473991,51.238957
-2.309864,51.23948
-2.987315,51.239492
-2.506485,51.239504
-2.506485,51.239504
-2.506485,51.239504
-2.301615,51.239825
-2.305083,51.240059
-2.997764,51.240438
-2.983628,51.240558
-2.302193,51.240561
-2.302193,51.240561
-2.541164,51.24059
-2.396941,51.240836
-2.305676,51.240912
-2.995097,51.240964
-2.312754,51.241055
-2.299675,51.241107
-2.391317,51.241502
-2.422107,51.241979
-2.439914,51.242058
-2.304352,51.242156
-2.985311,51.242261
-2.306134,51.24288
-2.313397,51.242915
-2.455124,51.243159
-2.307812,51.243199
-2.612139,51.243342
-2.542303,51.243615
-2.453684,51.243821
-2.980237,51.244147
-2.99445,51.244189
-2.520085,51.246378
-2.520085,51.246378
-2.54307,51.247946
-2.996979,51.249185
-2.953136,51.249928
-2.653064,51.250126
-2.999238,51.250955
-2.257242,51.250982
-2.955928,51.2512
-2.493592,51.251492
-2.493592,51.251492
-2.997933,51.25156
-2.305849,51.251873
-2.513887,51.251953
-2.954571,51.252083
-2.753388,51.252643
-3.001084,51.25281
-2.998888,51.253296
-3.000056,51.254293
-2.491135,51.2575
-3.001671,51.258065
-3.004417,51.258473
-2.529031,51.259304
-2.540498,51.259503
-2.540498,51.259503
-2.540498,51.259503
-2.367827,51.259832
-2.505643,51.260666
-2.27526,51.261723
-2.514045,51.262311
-2.511282,51.262593
-2.511459,51.262997
-2.497362,51.263525
-2.618507,51.265294
-2.618507,51.265294
-2.765207,51.265461
-2.758322,51.265974
-2.907618,51.266781
-2.504085,51.268855
-2.287276,51.269634
-2.287276,51.269634
-2.287276,51.269634
-2.77443,51.270112
-2.920474,51.270332
-2.920474,51.270332
-3.012179,51.274502
-2.778277,51.275518
-2.77392,51.27561
-2.788709,51.276087
-2.777302,51.276379
-2.777302,51.276379
-2.474707,51.276424
-2.851701,51.276751
-2.776894,51.276795
-2.777469,51.276908
-2.769115,51.277161
-2.478257,51.277335
-2.777222,51.277566
-2.49211,51.277691
-2.780299,51.278094
-2.780945,51.278135
-2.517613,51.278777
-2.517613,51.278777
-2.517613,51.278777
-2.781418,51.279822
-3.012813,51.279856
-3.012813,51.279856
-3.012813,51.279856
-3.012813,51.279856
-2.850074,51.280288
-2.495665,51.28032
-2.495665,51.28032
-2.471708,51.280419
-2.471708,51.280419
-2.77353,51.280567
-2.470437,51.280919
-2.781858,51.281276
-2.781858,51.281276
-2.777787,51.281285
-2.935591,51.281308
-2.468324,51.281737
-2.480597,51.281741
-2.480597,51.281741
-3.008687,51.281969
-2.496661,51.282303
-2.768615,51.282452
-2.451312,51.282523
-2.483502,51.282565
-2.493388,51.283216
-2.48909,51.28354
-2.48909,51.28354
-2.462609,51.283764
-2.447181,51.283824
-2.469865,51.283825
-2.490857,51.283928
-2.490857,51.283928
-2.487977,51.284102
-2.487977,51.284102
-2.473095,51.284181
-2.483277,51.284364
-2.483277,51.284364
-2.483277,51.284364
-2.496125,51.284436
-2.950655,51.284532
-2.466163,51.284982
-2.48376,51.285351
-2.48376,51.285351
-2.481008,51.285444
-2.819886,51.285485
-2.785057,51.285562
-2.813637,51.285672
-2.998388,51.285762
-2.464809,51.285788
-2.48692,51.285797
-2.48692,51.285797
-2.48692,51.285797
-2.496242,51.285929
-2.496242,51.285929
-2.813447,51.286285
-2.813447,51.286285
-2.484445,51.286329
-2.484445,51.286329
-2.484445,51.286329
-2.484445,51.286329
-2.484445,51.286329
-2.484445,51.286329
-2.484445,51.286329
-2.480634,51.28665
-2.480634,51.28665
-2.480634,51.28665
-2.480534,51.286704
-2.480534,51.286704
-2.478169,51.286768
-2.495893,51.286829
-2.495893,51.286829
-2.463776,51.287132
-2.463776,51.287132
-2.463776,51.287132
-2.463776,51.287132
-2.463776,51.287132
-2.463776,51.287132
-2.463776,51.287132
-2.463776,51.287132
-2.463776,51.287132
-2.47856,51.287135
-2.47856,51.287135
-3.012443,51.287197
-3.012443,51.287197
-2.817109,51.287401
-2.817109,51.287401
-2.817109,51.287401
-2.816235,51.287426
-2.489949,51.287484
-2.459994,51.287497
-2.812725,51.287585
-2.429695,51.287595
-2.466218,51.287599
-2.805931,51.287785
-2.805931,51.287785
-2.482918,51.288376
-2.482918,51.288376
-2.479578,51.288489
-2.479578,51.288489
-2.479578,51.288489
-2.479578,51.288489
-2.479578,51.288489
-2.479578,51.288489
-2.479578,51.288489
-2.479578,51.288489
-2.479578,51.288489
-2.436876,51.288836
-2.436876,51.288836
-2.477789,51.288901
-2.477789,51.288901
-2.477789,51.288901
-2.477789,51.288901
-2.477789,51.288901
-2.477789,51.288901
-2.477789,51.288901
-2.477789,51.288901
-2.477789,51.288901
-2.477789,51.288901
-2.477789,51.288901
-2.477789,51.288901
-2.477789,51.288901
-2.477789,51.288901
-2.477789,51.288901
-2.477789,51.288901
-2.477789,51.288901
-2.477789,51.288901
-2.477789,51.288901
-2.477789,51.288901
-2.477789,51.288901
-2.477789,51.288901
-2.477789,51.288901
-2.477789,51.288901
-2.477789,51.288901
-2.477789,51.288901
-2.477789,51.288901
-2.477789,51.288901
-2.477789,51.288901
-2.477789,51.288901
-2.477789,51.288901
-2.477789,51.288901
-2.477789,51.288901
-2.477789,51.288901
-2.477789,51.288901
-2.477789,51.288901
-2.477789,51.288901
-2.477789,51.288901
-2.477789,51.288901
-2.477789,51.288901
-2.477789,51.288901
-2.477789,51.288901
-2.477789,51.288901
-2.477789,51.288901
-2.477789,51.288901
-2.477789,51.288901
-2.477789,51.288901
-2.477789,51.288901
-2.477789,51.288901
-2.477789,51.288901
-2.477789,51.288901
-2.477789,51.288901
-2.477789,51.288901
-2.477789,51.288901
-2.477789,51.288901
-2.435072,51.289148
-2.945904,51.289183
-2.486814,51.289376
-3.011677,51.289496
-3.011677,51.289496
-3.011677,51.289496
-3.011677,51.289496
-3.011677,51.289496
-3.011677,51.289496
-3.011677,51.289496
-3.011677,51.289496
-3.011677,51.289496
-3.011677,51.289496
-3.011677,51.289496
-2.467514,51.289545
-2.467514,51.289545
-2.489313,51.289689
-2.453734,51.289689
-2.429931,51.289896
-2.473785,51.289933
-2.430276,51.289984
-2.430276,51.289984
-2.430276,51.289984
-2.436156,51.289989
-2.436156,51.289989
-2.450944,51.290338
-2.441738,51.290346
-2.470119,51.290496
-2.472385,51.290514
-2.472385,51.290514
-2.464441,51.290546
-2.464441,51.290546
-2.447448,51.290639
-2.434372,51.290859
-2.476594,51.291163
-2.447204,51.292034
-2.487173,51.292117
-2.427686,51.292134
-2.448467,51.292209
-2.448467,51.292209
-2.446249,51.292721
-2.446249,51.292721
-2.446249,51.292721
-2.446249,51.292721
-2.446249,51.292721
-2.867203,51.292949
-2.444015,51.292963
-2.497638,51.293044
-2.497638,51.293044
-2.497638,51.293044
-2.497638,51.293044
-2.497638,51.293044
-2.497638,51.293044
-2.497638,51.293044
-2.47657,51.29306
-2.437878,51.29313
-2.887119,51.293456
-2.887119,51.293456
-2.444049,51.293512
-2.478053,51.293575
-2.478053,51.293575
-2.486418,51.293928
-2.634285,51.2942
-2.356689,51.294728
-2.492175,51.29581
-2.492175,51.29581
-2.433848,51.296175
-2.319814,51.296453
-2.451365,51.296712
-2.442939,51.29749
-2.442939,51.29749
-3.010703,51.298695
-2.457639,51.298746
-2.534155,51.299528
-2.492891,51.299745
-2.492248,51.299964
-2.45675,51.30027
-2.45675,51.30027
-2.45675,51.30027
-2.49402,51.30073
-2.49402,51.30073
-2.499605,51.301164
-2.508075,51.303106
-2.457944,51.303457
-2.457944,51.303457
-2.948045,51.304021
-2.509271,51.304953
-3.009724,51.306391
-2.496711,51.306788
-2.50179,51.306865
-2.41246,51.306917
-2.943758,51.306933
-2.498435,51.307032
-2.504763,51.307239
-2.502771,51.307364
-2.498368,51.307464
-2.498368,51.307464
-2.507436,51.307587
-2.507436,51.307587
-2.495534,51.308079
-2.504646,51.308291
-2.502281,51.308454
-2.959965,51.308779
-2.959965,51.308779
-2.501617,51.309437
-2.83024,51.310194
-2.83024,51.310194
-2.525276,51.310835
-2.833585,51.311105
-2.520508,51.311711
-2.520508,51.311711
-2.427727,51.31188
-2.522983,51.312293
-2.430815,51.312318
-2.430815,51.312318
-2.430815,51.312318
-2.430815,51.312318
-2.832333,51.312463
-2.799269,51.313745
-2.93624,51.313908
-2.421778,51.314095
-2.42795,51.314352
-2.42795,51.314352
-2.420378,51.314685
-2.420378,51.314685
-2.429362,51.314976
-2.519271,51.315223
-2.962211,51.315334
-2.428448,51.315411
-2.428448,51.315411
-2.432584,51.315755
-2.42517,51.316277
-2.42517,51.316277
-2.42517,51.316277
-2.42517,51.316277
-2.416507,51.316686
-2.416507,51.316686
-2.492743,51.316749
-2.834153,51.317108
-2.796088,51.317292
-2.796088,51.317292
-2.433117,51.317552
-2.596428,51.317877
-2.473829,51.317916
-2.473829,51.317916
-2.473829,51.317916
-2.966204,51.31825
-2.976023,51.319797
-2.538376,51.320748
-2.83622,51.321067
-2.541682,51.321182
-2.958451,51.321506
-2.958451,51.321506
-2.956978,51.321752
-2.956978,51.321752
-2.961227,51.321807
-2.982266,51.32184
-2.539325,51.322155
-2.95221,51.322259
-2.971413,51.322326
-2.971413,51.322326
-2.971413,51.322326
-2.952723,51.322767
-2.966679,51.323111
-2.326688,51.32331
-2.980809,51.323488
-2.957273,51.323521
-2.957273,51.323521
-2.957273,51.323521
-2.957273,51.323521
-2.957273,51.323521
-2.957273,51.323521
-2.957273,51.323521
-2.957273,51.323521
-2.508287,51.323625
-2.948765,51.323635
-2.948765,51.323635
-2.962375,51.323857
-2.962375,51.323857
-2.962375,51.323857
-2.962375,51.323857
-2.962375,51.323857
-2.962375,51.323857
-2.962375,51.323857
-2.962375,51.323857
-2.962375,51.323857
-2.962375,51.323857
-2.962375,51.323857
-2.962375,51.323857
-2.962375,51.323857
-2.962375,51.323857
-2.962375,51.323857
-2.416903,51.323905
-2.949864,51.324004
-2.980059,51.324007
-2.957429,51.324122
-2.957429,51.324122
-2.957429,51.324122
-2.957429,51.324122
-2.712755,51.324213
-2.712755,51.324213
-2.712755,51.324213
-2.982138,51.324583
-2.970407,51.325005
-2.970407,51.325005
-2.936212,51.325256
-2.47774,51.325615
-2.95251,51.325646
-2.962882,51.32611
-2.923344,51.32623
-2.933277,51.326997
-2.871957,51.327389
-2.477386,51.327396
-2.477386,51.327396
-2.477386,51.327396
-2.970403,51.327504
-2.969485,51.327521
-2.969485,51.327521
-2.969485,51.327521
-2.969485,51.327521
-2.963128,51.32761
-2.963128,51.32761
-2.475123,51.327837
-2.966556,51.328166
-2.966556,51.328166
-2.966916,51.328217
-2.966916,51.328217
-2.86421,51.328327
-2.866308,51.328438
-2.866308,51.328438
-2.866308,51.328438
-2.903224,51.328519
-2.603556,51.328549
-2.973763,51.328951
-2.963915,51.329536
-2.963915,51.329536
-2.961719,51.329545
-2.539875,51.329822
-2.539875,51.329822
-2.96243,51.32989
-2.96243,51.32989
-2.96243,51.32989
-2.96243,51.32989
-2.450231,51.330318
-2.977582,51.330322
-2.960091,51.330611
-2.960091,51.330611
-2.960091,51.330611
-2.960091,51.330611
-2.960091,51.330611
-2.963743,51.330905
-2.963743,51.330905
-2.963743,51.330905
-2.968668,51.33099
-2.968668,51.33099
-2.968668,51.33099
-2.965975,51.331246
-2.958973,51.331366
-2.543539,51.33137
-2.974979,51.331441
-2.59715,51.331496
-2.599906,51.331517
-2.599906,51.331517
-2.539019,51.331544
-2.973374,51.331589
-2.973374,51.331589
-2.759777,51.331614
-2.97968,51.331806
-2.477677,51.331909
-2.600302,51.332163
-2.832376,51.33229
-2.974698,51.332423
-2.966904,51.332434
-2.966904,51.332434
-2.966904,51.332434
-2.966904,51.332434
-2.966904,51.332434
-2.895193,51.332492
-2.81203,51.332747
-2.81203,51.332747
-2.89797,51.332857
-2.964374,51.332932
-2.964374,51.332932
-2.964374,51.332932
-2.964374,51.332932
-2.964374,51.332932
-2.964374,51.332932
-2.964374,51.332932
-2.964374,51.332932
-2.964374,51.332932
-2.964374,51.332932
-2.964374,51.332932
-2.964374,51.332932
-2.964374,51.332932
-2.964374,51.332932
-2.964374,51.332932
-2.964374,51.332932
-2.964374,51.332932
-2.964374,51.332932
-2.964374,51.332932
-2.964374,51.332932
-2.593882,51.33296
-2.910378,51.333139
-2.958309,51.333251
-2.958309,51.333251
-2.958309,51.333251
-2.959071,51.333317
-2.959071,51.333317
-2.979354,51.333329
-2.979354,51.333329
-2.979354,51.333329
-2.979354,51.333329
-2.974331,51.333371
-2.91598,51.333374
-2.590615,51.33339
-2.96328,51.333489
-2.96328,51.333489
-2.96328,51.333489
-2.96328,51.333489
-2.96328,51.333489
-2.96328,51.333489
-2.96328,51.333489
-2.968281,51.333762
-2.968281,51.333762
-2.968281,51.333762
-2.965872,51.333881
-2.965872,51.333881
-2.965872,51.333881
-2.965872,51.333881
-2.965872,51.333881
-2.965872,51.333881
-2.976913,51.333979
-2.976913,51.333979
-2.976913,51.333979
-2.976913,51.333979
-2.966493,51.334029
-2.973756,51.334032
-2.969091,51.334035
-2.969091,51.334035
-2.911276,51.334274
-2.982991,51.334287
-2.978615,51.334351
-2.971022,51.334396
-2.957414,51.334409
-2.967681,51.33455
-2.967681,51.33455
-2.967681,51.33455
-2.967681,51.33455
-2.968148,51.334915
-2.970735,51.335082
-2.80356,51.335117
-2.966574,51.335179
-2.966574,51.335179
-2.807667,51.335205
-2.955339,51.335406
-2.960148,51.33543
-2.979571,51.335449
-2.979571,51.335449
-2.958498,51.335471
-2.313296,51.335522
-2.313296,51.335522
-2.929008,51.335897
-2.920012,51.336157
-2.965133,51.336261
-2.968406,51.336279
-2.914652,51.336586
-2.971159,51.336796
-2.971159,51.336796
-2.961169,51.336887
-2.961169,51.336887
-2.962577,51.336903
-2.962577,51.336903
-2.962577,51.336903
-2.962577,51.336903
-2.962577,51.336903
-2.962577,51.336903
-2.962577,51.336903
-2.962577,51.336903
-2.962577,51.336903
-2.962577,51.336903
-2.962577,51.336903
-2.962577,51.336903
-2.95842,51.337216
-2.95842,51.337216
-2.95842,51.337216
-2.973309,51.337318
-2.973309,51.337318
-2.973309,51.337318
-2.978482,51.337544
-2.978482,51.337544
-2.978482,51.337544
-2.978482,51.337544
-2.978482,51.337544
-2.957582,51.337654
-2.957582,51.337654
-2.957582,51.337654
-2.957582,51.337654
-2.957582,51.337654
-2.957582,51.337654
-2.957582,51.337654
-2.957582,51.337654
-2.967259,51.337691
-2.967259,51.337691
-2.968724,51.337733
-2.930046,51.338263
-2.930046,51.338263
-2.930046,51.338263
-2.930046,51.338263
-2.930046,51.338263
-2.930046,51.338263
-2.969485,51.338446
-2.976106,51.338544
-2.976106,51.338544
-2.583291,51.338777
-2.967799,51.33882
-2.667507,51.339136
-2.667507,51.339136
-2.973065,51.339379
-2.977459,51.339405
-2.977459,51.339405
-2.977459,51.339405
-2.977459,51.339405
-2.977459,51.339405
-2.977459,51.339405
-2.977459,51.339405
-2.97426,51.33954
-2.339481,51.33972
-2.782135,51.339731
-2.976304,51.339756
-2.976304,51.339756
-2.782639,51.339808
-2.791873,51.339989
-2.976399,51.340187
-2.976399,51.340187
-2.976399,51.340187
-2.976399,51.340187
-2.976399,51.340187
-2.962203,51.340323
-2.962203,51.340323
-2.973646,51.340372
-2.981887,51.340384
-2.981887,51.340384
-2.981887,51.340384
-2.912806,51.340493
-2.958821,51.34062
-2.958821,51.34062
-2.958821,51.34062
-2.958821,51.34062
-2.958821,51.34062
-2.958821,51.34062
-2.976972,51.340794
-2.976972,51.340794
-2.782557,51.340933
-2.910992,51.340957
-2.977809,51.341003
-2.977809,51.341003
-2.980925,51.341022
-2.980925,51.341022
-2.980925,51.341022
-2.980925,51.341022
-2.962333,51.34105
-2.962333,51.34105
-2.962333,51.34105
-2.496769,51.341442
-2.766187,51.341563
-2.945161,51.341649
-2.945161,51.341649
-2.978327,51.341745
-2.978327,51.341745
-2.975489,51.341975
-2.975489,51.341975
-2.975489,51.341975
-2.975489,51.341975
-2.776405,51.34217
-2.776405,51.34217
-2.441233,51.342339
-2.598412,51.342378
-2.950321,51.342623
-2.483693,51.343016
-2.975541,51.343045
-2.975541,51.343045
-2.964752,51.343413
-2.964752,51.343413
-2.489859,51.343692
-2.974765,51.343708
-2.962306,51.343874
-2.967656,51.344306
-2.978634,51.344719
-2.962356,51.344871
-2.971636,51.345092
-2.971636,51.345092
-2.971636,51.345092
-2.971636,51.345092
-2.971636,51.345092
-2.97916,51.345119
-2.980182,51.345245
-2.968381,51.345316
-2.976968,51.345353
-2.957959,51.345384
-2.957959,51.345384
-2.957959,51.345384
-2.975734,51.34539
-2.975734,51.34539
-2.942224,51.345458
-2.942224,51.345458
-2.942224,51.345458
-2.942224,51.345458
-2.942224,51.345458
-2.942224,51.345458
-2.929833,51.345494
-2.959183,51.345554
-2.930668,51.345577
-2.930668,51.345577
-2.930668,51.345577
-2.978612,51.345681
-2.978612,51.345681
-2.977938,51.345714
-2.978521,51.346122
-2.978521,51.346122
-2.978521,51.346122
-2.978521,51.346122
-2.929774,51.346124
-2.929774,51.346124
-2.971935,51.346348
-2.961626,51.346361
-2.961626,51.346361
-2.961626,51.346361
-2.961626,51.346361
-2.961626,51.346361
-2.961626,51.346361
-2.975238,51.346365
-2.975238,51.346365
-2.975238,51.346365
-2.975238,51.346365
-2.975238,51.346365
-2.975238,51.346365
-2.975238,51.346365
-2.975238,51.346365
-2.975238,51.346365
-2.975238,51.346365
-2.975238,51.346365
-2.975238,51.346365
-2.975238,51.346365
-2.975238,51.346365
-2.947972,51.346419
-2.947972,51.346419
-2.947972,51.346419
-2.947972,51.346419
-2.963322,51.346428
-2.979878,51.346489
-2.979878,51.346489
-2.979878,51.346489
-2.954091,51.346495
-2.933099,51.346502
-2.971149,51.346507
-2.971149,51.346507
-2.971149,51.346507
-2.96927,51.346595
-2.96927,51.346595
-2.947158,51.346596
-2.947158,51.346596
-2.947158,51.346596
-2.97813,51.346665
-2.97813,51.346665
-2.97813,51.346665
-2.97813,51.346665
-2.97813,51.346665
-2.97813,51.346665
-2.97813,51.346665
-2.97813,51.346665
-2.97813,51.346665
-2.97813,51.346665
-2.97813,51.346665
-2.97813,51.346665
-2.97813,51.346665
-2.97813,51.346665
-2.972431,51.346704
-2.972431,51.346704
-2.972431,51.346704
-2.972431,51.346704
-2.972431,51.346704
-2.972431,51.346704
-2.966718,51.346814
-2.966718,51.346814
-2.966718,51.346814
-2.966718,51.346814
-2.979182,51.346845
-2.979182,51.346845
-2.979182,51.346845
-2.96491,51.346856
-2.96491,51.346856
-2.93885,51.346879
-2.945067,51.346883
-2.979931,51.34692
-2.979931,51.34692
-2.979931,51.34692
-2.979931,51.34692
-2.977636,51.347047
-2.977636,51.347047
-2.969251,51.347054
-2.969251,51.347054
-2.969251,51.347054
-2.969251,51.347054
-2.964255,51.347095
-2.976417,51.34712
-2.976417,51.34712
-2.975817,51.347251
-2.975817,51.347251
-2.975817,51.347251
-2.975817,51.347251
-2.975817,51.347251
-2.975817,51.347251
-2.975817,51.347251
-2.975817,51.347251
-2.975817,51.347251
-2.975817,51.347251
-2.975817,51.347251
-2.975817,51.347251
-2.975817,51.347251
-2.975817,51.347251
-2.975817,51.347251
-2.980024,51.347261
-2.980024,51.347261
-2.980024,51.347261
-2.980024,51.347261
-2.980024,51.347261
-2.980024,51.347261
-2.980024,51.347261
-2.980024,51.347261
-2.980024,51.347261
-2.980024,51.347261
-2.980024,51.347261
-2.980024,51.347261
-2.980024,51.347261
-2.980024,51.347261
-2.980024,51.347261
-2.980024,51.347261
-2.980024,51.347261
-2.980024,51.347261
-2.980024,51.347261
-2.980024,51.347261
-2.980024,51.347261
-2.977914,51.347278
-2.977914,51.347278
-2.977914,51.347278
-2.977914,51.347278
-2.977914,51.347278
-2.977914,51.347278
-2.974272,51.347516
-2.974272,51.347516
-2.974272,51.347516
-2.974272,51.347516
-2.974272,51.347516
-2.974272,51.347516
-2.974272,51.347516
-2.974272,51.347516
-2.966548,51.347562
-2.966548,51.347562
-2.966548,51.347562
-2.966548,51.347562
-2.966548,51.347562
-2.966548,51.347562
-2.966548,51.347562
-2.966548,51.347562
-2.966548,51.347562
-2.966548,51.347562
-2.966548,51.347562
-2.966548,51.347562
-2.967108,51.347566
-2.922926,51.347599
-2.922926,51.347599
-2.979531,51.347696
-2.979531,51.347696
-2.979531,51.347696
-2.979531,51.347696
-2.979531,51.347696
-2.979531,51.347696
-2.979531,51.347696
-2.979531,51.347696
-2.979531,51.347696
-2.928557,51.347698
-2.971648,51.347699
-2.971648,51.347699
-2.979043,51.347719
-2.979043,51.347719
-2.979043,51.347719
-2.979043,51.347719
-2.972941,51.347751
-2.955639,51.347768
-2.955639,51.347768
-2.931215,51.347776
-2.942142,51.347778
-2.942142,51.347778
-2.925444,51.347822
-2.938927,51.34784
-2.929408,51.347898
-2.975027,51.347905
-2.975487,51.347946
-2.977267,51.347949
-2.977267,51.347949
-2.977267,51.347949
-2.977267,51.347949
-2.977267,51.347949
-2.977267,51.347949
-2.977267,51.347949
-2.97698,51.347952
-2.97698,51.347952
-2.97698,51.347952
-2.97698,51.347952
-2.97698,51.347952
-2.97698,51.347952
-2.97698,51.347952
-2.97698,51.347952
-2.955758,51.347974
-2.965897,51.348034
-2.965897,51.348034
-2.965897,51.348034
-2.950878,51.348049
-2.950878,51.348049
-2.981204,51.348069
-2.981204,51.348069
-2.981204,51.348069
-2.97746,51.348244
-2.97746,51.348244
-2.97746,51.348244
-2.97746,51.348244
-2.97746,51.348244
-2.97746,51.348244
-2.97746,51.348244
-2.97746,51.348244
-2.920271,51.348384
-2.980208,51.3485
-2.980208,51.3485
-2.980208,51.3485
-2.976045,51.348544
-2.976045,51.348544
-2.976045,51.348544
-2.973964,51.348588
-2.973964,51.348588
-2.973964,51.348588
-2.973964,51.348588
-2.973964,51.348588
-2.973964,51.348588
-2.973964,51.348588
-2.980153,51.34859
-2.980153,51.34859
-2.980153,51.34859
-2.933903,51.3486
-2.925288,51.348623
-2.981335,51.348796
-2.959209,51.348863
-2.9602,51.348891
-2.978596,51.34899
-2.978596,51.34899
-2.978596,51.34899
-2.978596,51.34899
-2.978596,51.34899
-2.978596,51.34899
-2.974606,51.349041
-2.974606,51.349041
-2.974606,51.349041
-2.974606,51.349041
-2.971433,51.349068
-2.971433,51.349068
-2.953168,51.349074
-2.953168,51.349074
-2.976488,51.349089
-2.931386,51.349114
-2.975197,51.349162
-2.978763,51.34942
-2.978763,51.34942
-2.978763,51.34942
-2.978763,51.34942
-2.923078,51.349432
-2.951481,51.349447
-2.942797,51.349616
-2.976487,51.349736
-2.929633,51.349758
-2.915047,51.349953
-2.976104,51.349964
-2.976104,51.349964
-2.917304,51.350044
-2.917304,51.350044
-2.917304,51.350044
-2.917304,51.350044
-2.978147,51.350127
-2.978147,51.350127
-2.978147,51.350127
-2.921714,51.350135
-2.929986,51.350213
-2.929986,51.350213
-2.966618,51.350241
-2.966618,51.350241
-2.966618,51.350241
-2.966618,51.350241
-2.979557,51.350268
-2.979557,51.350268
-2.979557,51.350268
-2.979557,51.350268
-2.979557,51.350268
-2.979557,51.350268
-2.950365,51.350347
-2.80947,51.350398
-2.941277,51.350402
-2.941277,51.350402
-2.980078,51.350452
-2.956701,51.350466
-2.97642,51.350636
-2.97642,51.350636
-2.97879,51.35067
-2.97879,51.35067
-2.97879,51.35067
-2.980141,51.350731
-2.980141,51.350731
-2.980141,51.350731
-2.980141,51.350731
-2.977127,51.35081
-2.922403,51.350849
-2.981539,51.350944
-2.981539,51.350944
-2.981539,51.350944
-2.921716,51.350971
-2.921716,51.350971
-2.921716,51.350971
-2.921716,51.350971
-2.921716,51.350971
-2.921716,51.350971
-2.963604,51.350994
-2.963604,51.350994
-2.972308,51.351057
-2.976057,51.351133
-2.980325,51.351251
-2.359756,51.351259
-2.983055,51.351336
-2.983055,51.351336
-2.983055,51.351336
-2.939417,51.351442
-2.939417,51.351442
-2.988143,51.351563
-2.988143,51.351563
-2.988143,51.351563
-2.988143,51.351563
-2.988143,51.351563
-2.916803,51.351567
-2.930417,51.351613
-2.930417,51.351613
-2.930417,51.351613
-2.930417,51.351613
-2.930417,51.351613
-2.930417,51.351613
-2.930417,51.351613
-2.981182,51.351729
-2.981182,51.351729
-2.978009,51.351747
-2.978009,51.351747
-2.978009,51.351747
-2.970686,51.351798
-2.902721,51.351866
-2.974724,51.351918
-2.974724,51.351918
-2.926578,51.352084
-2.926578,51.352084
-2.91294,51.352281
-2.91294,51.352281
-2.91294,51.352281
-2.91294,51.352281
-2.91294,51.352281
-2.91294,51.352281
-2.91294,51.352281
-2.91294,51.352281
-2.91294,51.352281
-2.91294,51.352281
-2.91294,51.352281
-2.91294,51.352281
-2.919517,51.352301
-2.951645,51.352494
-2.983814,51.352597
-2.927637,51.352606
-2.927637,51.352606
-2.978401,51.352642
-2.978401,51.352642
-2.978401,51.352642
-2.978401,51.352642
-2.978401,51.352642
-2.978401,51.352642
-2.98554,51.3527
-2.98554,51.3527
-2.385272,51.352832
-2.986219,51.352892
-2.969161,51.352989
-2.930273,51.353008
-2.930273,51.353008
-2.633633,51.353055
-2.986281,51.353098
-2.986281,51.353098
-2.969896,51.353118
-2.969896,51.353118
-2.94554,51.353119
-2.932704,51.35324
-2.916089,51.353245
-2.91161,51.353289
-2.982767,51.353325
-2.929408,51.353545
-2.376275,51.353634
-2.90504,51.353655
-2.942265,51.353766
-2.984759,51.353794
-2.984759,51.353794
-2.984759,51.353794
-2.9487,51.353831
-2.9487,51.353831
-2.99147,51.354016
-2.99147,51.354016
-2.927565,51.354045
-2.927565,51.354045
-2.927565,51.354045
-2.927565,51.354045
-2.927565,51.354045
-2.927565,51.354045
-2.927565,51.354045
-2.927565,51.354045
-2.376408,51.354101
-2.992492,51.354142
-2.992492,51.354142
-2.992492,51.354142
-2.992492,51.354142
-2.922872,51.354172
-2.911026,51.354247
-2.978177,51.354254
-2.978177,51.354254
-2.914071,51.354277
-2.914071,51.354277
-2.914071,51.354277
-2.927213,51.354372
-2.927213,51.354372
-2.927213,51.354372
-2.90583,51.354413
-2.90583,51.354413
-2.90583,51.354413
-2.90583,51.354413
-2.970027,51.354591
-2.990307,51.354665
-2.377851,51.354933
-2.920174,51.355003
-2.920174,51.355003
-2.920174,51.355003
-2.920882,51.355195
-2.956571,51.35526
-2.972268,51.355301
-2.972268,51.355301
-2.972268,51.355301
-2.909639,51.35531
-2.909639,51.35531
-2.981374,51.355351
-2.363896,51.355364
-2.984133,51.355391
-2.898914,51.35542
-2.898914,51.35542
-2.991954,51.355811
-2.936745,51.356292
-2.364722,51.356368
-2.92378,51.356467
-2.934551,51.35648
-2.934551,51.35648
-2.934551,51.35648
-2.934551,51.35648
-2.934551,51.35648
-2.91479,51.35652
-2.91479,51.35652
-2.381426,51.35654
-2.368257,51.356582
-2.368257,51.356582
-2.913372,51.356702
-2.913372,51.356702
-2.951129,51.356707
-2.953889,51.356837
-2.947673,51.356942
-2.377279,51.357012
-2.942964,51.357042
-2.382623,51.357166
-2.918653,51.3572
-2.368981,51.357389
-2.380557,51.357442
-2.481721,51.357636
-2.951063,51.35766
-2.951063,51.35766
-2.951063,51.35766
-2.951063,51.35766
-2.381034,51.357782
-2.381034,51.357782
-2.917735,51.357998
-2.370739,51.358049
-2.370739,51.358049
-2.939769,51.358129
-2.383766,51.358196
-2.911229,51.358714
-2.374076,51.35874
-2.922274,51.358745
-2.382909,51.358819
-2.943719,51.358826
-2.933165,51.358919
-2.360234,51.359053
-2.360234,51.359053
-2.360234,51.359053
-2.360234,51.359053
-2.358123,51.359104
-2.89926,51.359176
-2.48125,51.359265
-2.896424,51.359584
-2.348016,51.359584
-2.933265,51.359611
-2.381365,51.359633
-2.353532,51.359658
-2.353532,51.359658
-2.3771,51.359683
-2.919134,51.359723
-2.919134,51.359723
-2.919134,51.359723
-2.915775,51.359803
-2.928445,51.35991
-2.908268,51.360023
-2.908268,51.360023
-2.933705,51.360057
-2.933705,51.360057
-2.381024,51.360066
-2.381024,51.360066
-2.925176,51.36017
-2.93062,51.360216
-2.93062,51.360216
-2.917737,51.360219
-2.917737,51.360219
-2.902586,51.360319
-2.902586,51.360319
-2.902586,51.360319
-2.902586,51.360319
-2.373989,51.36035
-2.37995,51.360474
-2.37995,51.360474
-2.37995,51.360474
-2.37995,51.360474
-2.37995,51.360474
-2.956035,51.360578
-2.926725,51.360796
-2.909549,51.360895
-2.909549,51.360895
-2.909549,51.360895
-2.896127,51.361241
-2.9601,51.361264
-2.9601,51.361264
-2.926453,51.361526
-2.926453,51.361526
-2.926453,51.361526
-2.911173,51.361664
-2.911173,51.361664
-2.911173,51.361664
-2.911173,51.361664
-2.361303,51.361675
-2.38641,51.361766
-2.379659,51.36177
-2.360529,51.361848
-2.360529,51.361848
-2.360529,51.361848
-2.90174,51.361872
-2.90174,51.361872
-2.359481,51.361933
-2.915388,51.362
-2.894432,51.362018
-2.95025,51.362118
-2.954144,51.362185
-2.919488,51.362301
-2.358435,51.362304
-2.358435,51.362304
-2.913084,51.36245
-2.356829,51.362579
-2.356829,51.362579
-2.356829,51.362579
-2.356829,51.362579
-2.346516,51.362619
-2.346516,51.362619
-2.916264,51.362695
-2.910781,51.362926
-2.383562,51.362953
-2.383562,51.362953
-2.931624,51.362987
-2.802678,51.363537
-2.918738,51.363592
-2.896747,51.363619
-2.913831,51.363891
-2.962842,51.363939
-2.962842,51.363939
-2.911694,51.364025
-2.899212,51.36405
-2.359801,51.364314
-2.359801,51.364314
-2.382598,51.364566
-2.328246,51.364596
-2.914393,51.364705
-2.899301,51.364921
-2.916153,51.365069
-2.916153,51.365069
-2.391107,51.365203
-2.911848,51.365292
-2.911848,51.365292
-2.388064,51.365393
-2.320814,51.365722
-2.320814,51.365722
-2.611443,51.365762
-2.610252,51.365813
-2.916815,51.365864
-2.902742,51.366055
-2.910299,51.36614
-2.771498,51.366282
-2.922198,51.366389
-2.35482,51.366497
-2.919845,51.366506
-2.389395,51.366567
-2.389395,51.366567
-2.954294,51.366626
-2.954294,51.366626
-2.954294,51.366626
-2.954294,51.366626
-2.954294,51.366626
-2.37203,51.366776
-2.37203,51.366776
-2.384859,51.36695
-2.384859,51.36695
-2.548054,51.366983
-2.548054,51.366983
-2.390706,51.366985
-2.960307,51.367045
-2.960307,51.367045
-2.960307,51.367045
-2.954321,51.367264
-2.914437,51.367627
-2.365415,51.367633
-2.365415,51.367633
-2.930369,51.367664
-2.403875,51.368244
-2.961913,51.368299
-2.805822,51.368335
-2.911595,51.36845
-2.91505,51.368801
-2.381029,51.369301
-2.381029,51.369301
-2.919758,51.369348
-2.365544,51.369404
-2.393385,51.369484
-2.382784,51.369547
-2.397192,51.369553
-2.638306,51.370015
-2.638306,51.370015
-2.378407,51.370082
-2.396006,51.370267
-2.396006,51.370267
-2.918615,51.370355
-2.398004,51.370377
-2.37683,51.370492
-2.37683,51.370492
-2.362613,51.371085
-2.381217,51.371152
-2.381217,51.371152
-2.400237,51.37117
-2.400237,51.37117
-2.385498,51.371246
-2.549398,51.371257
-2.374912,51.371334
-2.364238,51.371359
-2.444989,51.371476
-2.808549,51.371481
-2.813636,51.371563
-2.379497,51.371661
-2.399997,51.371683
-2.804173,51.371799
-2.804173,51.371799
-2.396393,51.371803
-2.396393,51.371803
-2.396393,51.371803
-2.396393,51.371803
-2.385634,51.371974
-2.385634,51.371974
-2.914283,51.372161
-2.805187,51.372242
-2.823403,51.37225
-2.389056,51.372322
-2.911902,51.372359
-2.911902,51.372359
-2.379877,51.372424
-2.379877,51.372424
-2.379877,51.372424
-2.379877,51.372424
-2.379877,51.372424
-2.304514,51.372699
-2.400887,51.373173
-2.400887,51.373173
-2.400887,51.373173
-2.400887,51.373173
-2.400887,51.373173
-2.400887,51.373173
-2.919506,51.373235
-2.961026,51.373243
-2.916008,51.373622
-2.38391,51.373643
-2.39572,51.373721
-2.39572,51.373721
-2.404242,51.374105
-2.404242,51.374105
-2.404242,51.374105
-2.404242,51.374105
-2.404242,51.374105
-2.404242,51.374105
-2.366156,51.374114
-2.366156,51.374114
-2.700616,51.374227
-2.386214,51.374364
-2.379219,51.374522
-2.379219,51.374522
-2.371289,51.374538
-2.397968,51.374576
-2.397968,51.374576
-2.367285,51.375135
-2.377831,51.3752
-2.377831,51.3752
-2.368665,51.37523
-2.356526,51.375393
-2.376842,51.375464
-2.376842,51.375464
-2.374213,51.375536
-2.374213,51.375536
-2.400736,51.375673
-2.400736,51.375673
-2.400736,51.375673
-2.373654,51.375708
-2.360264,51.375732
-2.360264,51.375732
-2.363441,51.37592
-2.404632,51.375938
-2.961476,51.376207
-2.91661,51.376458
-2.376419,51.376473
-2.376419,51.376473
-2.376419,51.376473
-2.403703,51.376526
-2.381405,51.376529
-2.351478,51.376577
-2.351478,51.376577
-2.351478,51.376577
-2.389094,51.3768
-2.35375,51.376813
-2.35375,51.376813
-2.377659,51.377044
-2.377659,51.377044
-2.365045,51.37712
-2.365045,51.37712
-2.378723,51.377131
-2.378723,51.377131
-2.381411,51.377185
-2.381411,51.377185
-2.392301,51.377194
-2.349875,51.377391
-2.407677,51.37751
-2.407677,51.37751
-2.407677,51.37751
-2.407677,51.37751
-2.386456,51.377528
-2.386456,51.377528
-2.358051,51.377529
-2.358051,51.377529
-2.358051,51.377529
-2.358051,51.377529
-2.358051,51.377529
-2.358051,51.377529
-2.358051,51.377529
-2.358051,51.377529
-2.376788,51.377632
-2.761991,51.377638
-2.325452,51.377642
-2.325452,51.377642
-2.363886,51.377681
-2.363886,51.377681
-2.363886,51.377681
-2.363886,51.377681
-2.363886,51.377681
-2.363886,51.377681
-2.360022,51.377837
-2.360022,51.377837
-2.360022,51.377837
-2.360022,51.377837
-2.402381,51.378059
-2.402381,51.378059
-2.402381,51.378059
-2.359207,51.37837
-2.359207,51.37837
-2.359207,51.37837
-2.359207,51.37837
-2.359207,51.37837
-2.359207,51.37837
-2.359207,51.37837
-2.359207,51.37837
-2.359207,51.37837
-2.359207,51.37837
-2.359207,51.37837
-2.359207,51.37837
-2.361248,51.378454
-2.510432,51.378456
-2.352484,51.378481
-2.352484,51.378481
-2.660091,51.378518
-2.378476,51.378534
-2.353864,51.378584
-2.357255,51.378637
-2.357255,51.378637
-2.357255,51.378637
-2.357255,51.378637
-2.357255,51.378637
-2.357255,51.378637
-2.357255,51.378637
-2.357255,51.378637
-2.357255,51.378637
-2.357255,51.378637
-2.357255,51.378637
-2.357255,51.378637
-2.357255,51.378637
-2.388191,51.378709
-2.388191,51.378709
-2.388191,51.378709
-2.395044,51.378713
-2.437416,51.378734
-2.960066,51.378871
-2.357056,51.378871
-2.357056,51.378871
-2.357056,51.378871
-2.357056,51.378871
-2.357056,51.378871
-2.357056,51.378871
-2.357056,51.378871
-2.357056,51.378871
-2.357056,51.378871
-2.357056,51.378871
-2.357056,51.378871
-2.357056,51.378871
-2.357056,51.378871
-2.357056,51.378871
-2.357056,51.378871
-2.357056,51.378871
-2.357056,51.378871
-2.357056,51.378871
-2.357056,51.378871
-2.397287,51.378895
-2.397287,51.378895
-2.397287,51.378895
-2.363235,51.378897
-2.368436,51.378899
-2.358249,51.378904
-2.358249,51.378904
-2.358249,51.378904
-2.358249,51.378904
-2.358249,51.378904
-2.358249,51.378904
-2.358249,51.378904
-2.358249,51.378904
-2.391699,51.379012
-2.391699,51.379012
-2.391699,51.379012
-2.391699,51.379012
-2.362733,51.379034
-2.371556,51.379123
-2.36032,51.379185
-2.36032,51.379185
-2.36032,51.379185
-2.36032,51.379185
-2.36032,51.379185
-2.404029,51.379267
-2.404029,51.379267
-2.39002,51.379297
-2.354674,51.379301
-2.370997,51.379358
-2.370997,51.379358
-2.370997,51.379358
-2.370997,51.379358
-2.370997,51.379358
-2.395136,51.379414
-2.361055,51.379453
-2.377622,51.379454
-2.360552,51.379472
-2.35811,51.379542
-2.35811,51.379542
-2.35811,51.379542
-2.35811,51.379542
-2.35811,51.379542
-2.35811,51.379542
-2.342133,51.37959
-2.405469,51.379649
-2.405469,51.379649
-2.405469,51.379649
-2.397036,51.379705
-2.397036,51.379705
-2.397036,51.379705
-2.360713,51.379867
-2.360713,51.379867
-2.360713,51.379867
-2.360713,51.379867
-2.360713,51.379867
-2.360713,51.379867
-2.360713,51.379867
-2.393546,51.379896
-2.393546,51.379896
-2.392583,51.379918
-2.392583,51.379918
-2.392583,51.379918
-2.392583,51.379918
-2.392583,51.379918
-2.392583,51.379918
-2.364148,51.379955
-2.356174,51.379962
-2.356174,51.379962
-2.356174,51.379962
-2.330756,51.38001
-2.330756,51.38001
-2.330756,51.38001
-2.399338,51.380128
-2.399338,51.380128
-2.399338,51.380128
-2.399338,51.380128
-2.363733,51.3802
-2.363733,51.3802
-2.401422,51.38022
-2.359927,51.380337
-2.359927,51.380337
-2.359927,51.380337
-2.359927,51.380337
-2.359927,51.380337
-2.364884,51.380358
-2.364884,51.380358
-2.358907,51.380421
-2.358907,51.380421
-2.359597,51.380473
-2.359597,51.380473
-2.395304,51.380484
-2.395304,51.380484
-2.395304,51.380484
-2.349914,51.380547
-2.376123,51.380628
-2.367401,51.380629
-2.367401,51.380629
-2.367401,51.380629
-2.367401,51.380629
-2.3623,51.380654
-2.3623,51.380654
-2.3623,51.380654
-2.3623,51.380654
-2.3623,51.380654
-2.356596,51.380671
-2.356596,51.380671
-2.381455,51.380818
-2.381455,51.380818
-2.368078,51.380851
-2.368078,51.380851
-2.355232,51.380855
-2.355232,51.380855
-2.355232,51.380855
-2.355232,51.380855
-2.355232,51.380855
-2.355232,51.380855
-2.358638,51.380872
-2.358638,51.380872
-2.358638,51.380872
-2.388037,51.380994
-2.397263,51.381098
-2.397263,51.381098
-2.397263,51.381098
-2.363626,51.381126
-2.363626,51.381126
-2.363626,51.381126
-2.363626,51.381126
-2.363626,51.381126
-2.363626,51.381126
-2.363626,51.381126
-2.363626,51.381126
-2.377592,51.381127
-2.360522,51.381127
-2.360522,51.381127
-2.360522,51.381127
-2.360522,51.381127
-2.360522,51.381127
-2.360522,51.381127
-2.360522,51.381127
-2.357663,51.381162
-2.357663,51.381162
-2.357663,51.381162
-2.357663,51.381162
-2.368555,51.381192
-2.368555,51.381192
-2.368555,51.381192
-2.368555,51.381192
-2.368555,51.381192
-2.373426,51.38123
-2.373426,51.38123
-2.373426,51.38123
-2.397192,51.381233
-2.362535,51.381309
-2.362535,51.381309
-2.362535,51.381309
-2.362535,51.381309
-2.363053,51.381362
-2.363053,51.381362
-2.363053,51.381362
-2.423231,51.381402
-2.374146,51.381408
-2.374146,51.381408
-2.374146,51.381408
-2.374146,51.381408
-2.374146,51.381408
-2.374146,51.381408
-2.361416,51.381448
-2.361416,51.381448
-2.361416,51.381448
-2.361416,51.381448
-2.364045,51.381466
-2.364045,51.381466
-2.364045,51.381466
-2.364045,51.381466
-2.364045,51.381466
-2.365727,51.381515
-2.365727,51.381515
-2.365727,51.381515
-2.365727,51.381515
-2.365727,51.381515
-2.365727,51.381515
-2.362753,51.38156
-2.362753,51.38156
-2.362753,51.38156
-2.399797,51.381647
-2.362495,51.38166
-2.362495,51.38166
-2.362495,51.38166
-2.359506,51.381669
-2.359506,51.381669
-2.359506,51.381669
-2.383849,51.381799
-2.407099,51.381909
-2.407099,51.381909
-2.407099,51.381909
-2.407099,51.381909
-2.407099,51.381909
-2.361032,51.381979
-2.405404,51.381987
-2.363748,51.382016
-2.363748,51.382016
-2.401539,51.382027
-2.365386,51.382047
-2.365386,51.382047
-2.362959,51.382135
-2.359137,51.382255
-2.359137,51.382255
-2.359137,51.382255
-2.359137,51.382255
-2.359137,51.382255
-2.359137,51.382255
-2.359137,51.382255
-2.359137,51.382255
-2.359137,51.382255
-2.359137,51.382255
-2.359137,51.382255
-2.359137,51.382255
-2.359137,51.382255
-2.359137,51.382255
-2.299793,51.382278
-2.299793,51.382278
-2.401168,51.382289
-2.357557,51.382341
-2.357557,51.382341
-2.357557,51.382341
-2.363305,51.382359
-2.36184,51.382471
-2.36184,51.382471
-2.36184,51.382471
-2.360893,51.382546
-2.360893,51.382546
-2.362661,51.382613
-2.363853,51.382636
-2.369759,51.382671
-2.369759,51.382671
-2.660525,51.382714
-2.358782,51.382777
-2.358782,51.382777
-2.358782,51.382777
-2.358782,51.382777
-2.358782,51.382777
-2.358782,51.382777
-2.391387,51.382835
-2.364502,51.382841
-2.360279,51.383079
-2.365351,51.383081
-2.365351,51.383081
-2.365351,51.383081
-2.359403,51.383099
-2.368039,51.383162
-2.368039,51.383162
-2.368039,51.383162
-2.381145,51.383237
-2.357349,51.38324
-2.357349,51.38324
-2.357349,51.38324
-2.357349,51.38324
-2.357349,51.38324
-2.357349,51.38324
-2.357349,51.38324
-2.361689,51.38329
-2.361689,51.38329
-2.357292,51.383348
-2.359649,51.38335
-2.814837,51.383361
-2.814837,51.383361
-2.360554,51.383392
-2.360554,51.383392
-2.360554,51.383392
-2.369507,51.3834
-2.359175,51.383451
-2.359175,51.383451
-2.359175,51.383451
-2.359175,51.383451
-2.393792,51.383456
-2.391651,51.38349
-2.391651,51.38349
-2.394985,51.383569
-2.363129,51.383645
-2.363129,51.383645
-2.362829,51.383907
-2.811858,51.383912
-2.385203,51.38397
-2.349969,51.383982
-2.359884,51.384015
-2.359884,51.384015
-2.361034,51.384047
-2.398252,51.384062
-2.398252,51.384062
-2.372903,51.384073
-2.372903,51.384073
-2.372903,51.384073
-2.36158,51.384073
-2.36158,51.384073
-2.36158,51.384073
-2.36158,51.384073
-2.36158,51.384073
-2.36158,51.384073
-2.363305,51.384094
-2.823904,51.384107
-2.823904,51.384107
-2.368492,51.384132
-2.368492,51.384132
-2.356724,51.384222
-2.364398,51.384235
-2.364398,51.384235
-2.360317,51.38431
-2.360317,51.38431
-2.360317,51.38431
-2.360317,51.38431
-2.360317,51.38431
-2.360317,51.38431
-2.360317,51.38431
-2.360317,51.38431
-2.360317,51.38431
-2.360317,51.38431
-2.363451,51.38448
-2.353954,51.384581
-2.358811,51.384585
-2.358811,51.384585
-2.358811,51.384585
-2.358811,51.384585
-2.81325,51.384595
-2.360392,51.384724
-2.354904,51.38483
-2.362118,51.384862
-2.362118,51.384862
-2.362118,51.384862
-2.362118,51.384862
-2.362118,51.384862
-2.362118,51.384862
-2.391807,51.384875
-2.361069,51.38491
-2.361069,51.38491
-2.361069,51.38491
-2.363715,51.385127
-2.363715,51.385127
-2.363715,51.385127
-2.363715,51.385127
-2.388791,51.385145
-2.388791,51.385145
-2.388791,51.385145
-2.388791,51.385145
-2.824828,51.385152
-2.36077,51.38528
-2.382254,51.385293
-2.809009,51.385308
-2.37642,51.38533
-2.37642,51.38533
-2.37642,51.38533
-2.703315,51.385352
-2.703315,51.385352
-2.703315,51.385352
-2.360269,51.385443
-2.360269,51.385443
-2.360269,51.385443
-2.360269,51.385443
-2.360269,51.385443
-2.360269,51.385443
-2.360269,51.385443
-2.360269,51.385443
-2.360269,51.385443
-2.360269,51.385443
-2.360269,51.385443
-2.360269,51.385443
-2.814631,51.385503
-2.400205,51.385548
-2.347913,51.385768
-2.376812,51.385814
-2.376812,51.385814
-2.376812,51.385814
-2.71285,51.385851
-2.71285,51.385851
-2.71285,51.385851
-2.71285,51.385851
-2.71285,51.385851
-2.71285,51.385851
-2.71285,51.385851
-2.362041,51.385977
-2.364555,51.385979
-2.364555,51.385979
-2.351609,51.38618
-2.365635,51.386227
-2.365635,51.386227
-2.816457,51.386344
-2.361282,51.386348
-2.359112,51.386355
-2.359112,51.386355
-2.359112,51.386355
-2.359112,51.386355
-2.359112,51.386355
-2.352761,51.386464
-2.352761,51.386464
-2.349039,51.386484
-2.399437,51.386512
-2.783942,51.386701
-2.438685,51.386722
-2.438685,51.386722
-2.359977,51.386766
-2.825434,51.38692
-2.819155,51.386937
-2.356732,51.3871
-2.350008,51.387228
-2.366419,51.387277
-2.366419,51.387277
-2.366419,51.387277
-2.366419,51.387277
-2.823359,51.387366
-2.396025,51.38745
-2.364481,51.387507
-2.820431,51.387602
-2.820431,51.387602
-2.784762,51.387604
-2.353632,51.38764
-2.363492,51.387744
-2.363492,51.387744
-2.363492,51.387744
-2.363492,51.387744
-2.363492,51.387744
-2.814082,51.38779
-2.360173,51.387943
-2.360173,51.387943
-2.343547,51.388074
-2.366412,51.388113
-2.36285,51.388349
-2.82102,51.388398
-2.82102,51.388398
-2.822146,51.388642
-2.36554,51.388682
-2.366446,51.388769
-2.531846,51.388818
-2.796827,51.388889
-2.352608,51.388973
-2.365314,51.389249
-2.358187,51.389361
-2.379171,51.389565
-2.389203,51.389604
-2.389203,51.389604
-2.390367,51.389609
-2.390367,51.389609
-2.82258,51.389628
-2.359527,51.389852
-2.356768,51.389905
-2.796749,51.390148
-2.720622,51.390264
-2.720622,51.390264
-2.720622,51.390264
-2.796179,51.390431
-2.796179,51.390431
-2.36942,51.390495
-2.363097,51.390497
-2.363097,51.390497
-2.363097,51.390497
-2.363097,51.390497
-2.368257,51.390589
-2.398166,51.390797
-2.381136,51.390853
-2.357337,51.390919
-2.353544,51.391138
-2.353544,51.391138
-2.362485,51.391317
-2.362485,51.391317
-2.797876,51.391319
-2.797876,51.391319
-2.797876,51.391319
-2.797876,51.391319
-2.797876,51.391319
-2.797876,51.391319
-2.797876,51.391319
-2.797876,51.391319
-2.797876,51.391319
-2.334819,51.391373
-2.334819,51.391373
-2.334819,51.391373
-2.401104,51.391479
-2.389722,51.391517
-2.389722,51.391517
-2.389722,51.391517
-2.389722,51.391517
-2.350371,51.391561
-2.709706,51.391589
-2.79876,51.391744
-2.836288,51.391824
-2.836288,51.391824
-2.355418,51.39186
-2.355418,51.39186
-2.355418,51.39186
-2.825339,51.391983
-2.352617,51.392067
-2.352617,51.392067
-2.352617,51.392067
-2.352617,51.392067
-2.352617,51.392067
-2.555944,51.392141
-2.555944,51.392141
-2.833237,51.392394
-2.36248,51.392441
-2.350423,51.392676
-2.354045,51.392719
-2.354045,51.392719
-2.798349,51.392898
-2.548829,51.393362
-2.548829,51.393362
-2.548829,51.393362
-2.371257,51.39369
-2.349871,51.393738
-2.349871,51.393738
-2.349871,51.393738
-2.349871,51.393738
-2.349871,51.393738
-2.394643,51.393875
-2.394643,51.393875
-2.345086,51.393887
-2.345086,51.393887
-2.388855,51.394353
-2.830199,51.39452
-2.345421,51.394561
-2.832207,51.395054
-2.395606,51.39549
-2.395606,51.39549
-2.395606,51.39549
-2.395606,51.39549
-2.392632,51.395662
-2.365568,51.395857
-2.365568,51.395857
-2.322908,51.395857
-2.344441,51.396119
-2.344359,51.396704
-2.352741,51.396877
-2.353403,51.3971
-2.344578,51.397135
-2.360073,51.397169
-2.392113,51.398865
-2.349164,51.399153
-2.636861,51.399462
-2.342785,51.399595
-2.570643,51.399956
-2.48684,51.400146
-2.389637,51.400186
-2.341424,51.400219
-2.342488,51.400225
-2.345019,51.400362
-2.350626,51.400417
-2.300604,51.400826
-2.393699,51.401107
-2.304257,51.40114
-2.29917,51.401351
-2.598434,51.401391
-2.345114,51.401467
-2.345114,51.401467
-2.45631,51.401788
-2.342774,51.40196
-2.46695,51.402088
-2.59774,51.402141
-2.33901,51.402222
-2.569364,51.402273
-2.569364,51.402273
-2.599656,51.402446
-2.599656,51.402446
-2.399721,51.402606
-2.575679,51.402638
-2.597042,51.402675
-2.572506,51.40295
-2.587904,51.403045
-2.587904,51.403045
-2.59295,51.403082
-2.596143,51.403156
-2.596143,51.403156
-2.59071,51.403247
-2.308427,51.403368
-2.308427,51.403368
-2.310555,51.403479
-2.59172,51.403547
-2.59172,51.403547
-2.59172,51.403547
-2.59172,51.403547
-2.59172,51.403547
-2.580364,51.403595
-2.602446,51.40369
-2.599645,51.403876
-2.6263,51.40397
-2.598916,51.404122
-2.489154,51.404137
-2.607255,51.404214
-2.491599,51.404244
-2.491599,51.404244
-2.605458,51.40425
-2.605458,51.40425
-2.568641,51.404264
-2.570597,51.404344
-2.486195,51.404374
-2.631496,51.404437
-2.5754,51.404438
-2.5754,51.404438
-2.59731,51.404454
-2.59731,51.404454
-2.59731,51.404454
-2.573015,51.404512
-2.312431,51.404571
-2.59504,51.404591
-2.614896,51.404795
-2.609006,51.405104
-2.596714,51.405113
-2.318042,51.405141
-2.318042,51.405141
-2.599692,51.405224
-2.599692,51.405224
-2.599692,51.405224
-2.599692,51.405224
-2.599692,51.405224
-2.599692,51.405224
-2.595034,51.405248
-2.595034,51.405248
-2.595034,51.405248
-2.603905,51.405265
-2.627928,51.405274
-2.321795,51.405301
-2.511019,51.405366
-2.58953,51.405438
-2.58953,51.405438
-2.58953,51.405438
-2.58953,51.405438
-2.58953,51.405438
-2.619076,51.405528
-2.592566,51.40562
-2.592566,51.40562
-2.592566,51.40562
-2.592566,51.40562
-2.592566,51.40562
-2.587463,51.405646
-2.596694,51.405752
-2.513138,51.405815
-2.320563,51.405835
-2.594884,51.40586
-2.462446,51.405864
-2.574872,51.405897
-2.507446,51.405948
-2.507446,51.405948
-2.483911,51.405966
-2.571639,51.406003
-2.487277,51.406087
-2.625036,51.40618
-2.625036,51.40618
-2.625036,51.40618
-2.625036,51.40618
-2.625036,51.40618
-2.625036,51.40618
-2.616483,51.406216
-2.502878,51.406282
-2.604163,51.406352
-2.604163,51.406352
-2.604163,51.406352
-2.59998,51.406374
-2.59998,51.406374
-2.59998,51.406374
-2.59998,51.406374
-2.48557,51.406445
-2.48557,51.406445
-2.48419,51.406496
-2.48419,51.406496
-2.513433,51.406515
-2.598689,51.406587
-2.491308,51.406619
-2.561267,51.406655
-2.561267,51.406655
-2.609315,51.406694
-2.609315,51.406694
-2.609315,51.406694
-2.574769,51.406824
-2.490649,51.406865
-2.490649,51.406865
-2.653355,51.406915
-2.316286,51.406971
-2.576914,51.407101
-2.576914,51.407101
-2.576914,51.407101
-2.576914,51.407101
-2.615747,51.407119
-2.611521,51.40715
-2.583042,51.407367
-2.50831,51.40741
-2.50831,51.40741
-2.50831,51.40741
-2.50831,51.40741
-2.573324,51.407433
-2.503825,51.407447
-2.503825,51.407447
-2.503825,51.407447
-2.511272,51.407451
-2.557725,51.407464
-2.557725,51.407464
-2.557725,51.407464
-2.557725,51.407464
-2.557725,51.407464
-2.56986,51.407513
-2.512698,51.407606
-2.512698,51.407606
-2.497602,51.407689
-2.313934,51.407723
-2.846944,51.407744
-2.566844,51.407752
-2.600171,51.407775
-2.600171,51.407775
-2.507957,51.40796
-2.507957,51.40796
-2.599182,51.408041
-2.599182,51.408041
-2.599182,51.408041
-2.486551,51.408096
-2.597977,51.408191
-2.509153,51.408215
-2.626663,51.408437
-2.626663,51.408437
-2.507,51.408557
-2.576818,51.408558
-2.872724,51.408562
-2.617765,51.408592
-2.616587,51.408598
-2.595984,51.408624
-2.508008,51.408634
-2.508008,51.408634
-2.508008,51.408634
-2.621048,51.408925
-2.621048,51.408925
-2.601266,51.409029
-2.601266,51.409029
-2.506762,51.409116
-2.506762,51.409116
-2.506762,51.409116
-2.506762,51.409116
-2.506762,51.409116
-2.596896,51.40915
-2.491422,51.409172
-2.511724,51.409229
-2.488389,51.409275
-2.488389,51.409275
-2.488389,51.409275
-2.543211,51.409276
-2.568891,51.409307
-2.624274,51.40934
-2.624274,51.40934
-2.62807,51.409364
-2.618049,51.409391
-2.618049,51.409391
-2.511927,51.409435
-2.511927,51.409435
-2.511927,51.409435
-2.321796,51.4095
-2.494272,51.409511
-2.503676,51.409606
-2.62481,51.409616
-2.591195,51.409628
-2.591195,51.409628
-2.591195,51.409628
-2.591195,51.409628
-2.591195,51.409628
-2.552619,51.409628
-2.649167,51.409672
-2.564339,51.409833
-2.55035,51.409908
-2.551976,51.409999
-2.54299,51.410014
-2.54299,51.410014
-2.54299,51.410014
-2.615931,51.410121
-2.615931,51.410121
-2.474568,51.410258
-2.474568,51.410258
-2.474568,51.410258
-2.731749,51.410264
-2.563584,51.410358
-2.606173,51.410442
-2.60797,51.41046
-2.609696,51.410487
-2.508675,51.410501
-2.62685,51.410531
-2.62685,51.410531
-2.506835,51.410554
-2.506835,51.410554
-2.506835,51.410554
-2.506835,51.410554
-2.506835,51.410554
-2.506835,51.410554
-2.506835,51.410554
-2.600337,51.410571
-2.600337,51.410571
-2.600337,51.410571
-2.600337,51.410571
-2.600337,51.410571
-2.600337,51.410571
-2.604034,51.410705
-2.604034,51.410705
-2.604034,51.410705
-2.604034,51.410705
-2.499347,51.410766
-2.495982,51.410771
-2.599894,51.410789
-2.50993,51.410873
-2.50993,51.410873
-2.510162,51.410998
-2.510162,51.410998
-2.622648,51.411327
-2.500575,51.411345
-2.500575,51.411345
-2.500575,51.411345
-2.388654,51.411366
-2.56653,51.411423
-2.614441,51.411559
-2.614441,51.411559
-2.614441,51.411559
-2.614441,51.411559
-2.605843,51.411595
-2.613309,51.41187
-2.564381,51.41208
-2.564381,51.41208
-2.564381,51.41208
-2.555337,51.412097
-2.491971,51.412101
-2.491971,51.412101
-2.491971,51.412101
-2.475536,51.412124
-2.560672,51.412152
-2.568955,51.412166
-2.488952,51.412204
-2.547072,51.412306
-2.547072,51.412306
-2.547072,51.412306
-2.547072,51.412306
-2.538215,51.412311
-2.623713,51.41249
-2.546486,51.412552
-2.607596,51.412611
-2.607596,51.412611
-2.607596,51.412611
-2.498044,51.412651
-2.580421,51.412694
-2.580421,51.412694
-2.483019,51.412705
-2.492669,51.412889
-2.492669,51.412889
-2.614229,51.4129
-2.614229,51.4129
-2.497371,51.412906
-2.497371,51.412906
-2.497371,51.412906
-2.537418,51.412989
-2.478811,51.413145
-2.478811,51.413145
-2.478811,51.413145
-2.478811,51.413145
-2.499963,51.413236
-2.60575,51.413277
-2.60575,51.413277
-2.613184,51.413283
-2.613184,51.413283
-2.539723,51.413357
-2.619657,51.413474
-2.619657,51.413474
-2.5642,51.413682
-2.569219,51.41372
-2.569219,51.41372
-2.569219,51.41372
-2.569219,51.41372
-2.569219,51.41372
-2.561728,51.413766
-2.559197,51.413805
-2.559197,51.413805
-2.559197,51.413805
-2.559197,51.413805
-2.559197,51.413805
-2.498086,51.413838
-2.496678,51.413943
-2.496678,51.413943
-2.496678,51.413943
-2.566635,51.414138
-2.57545,51.414167
-2.611762,51.414459
-2.611762,51.414459
-2.641025,51.414519
-2.539262,51.414528
-2.559467,51.414712
-2.574423,51.414783
-2.511571,51.414895
-2.511571,51.414895
-2.551346,51.414966
-2.551795,51.415216
-2.497799,51.415233
-2.497799,51.415233
-2.497799,51.415233
-2.497799,51.415233
-2.490696,51.415272
-2.603519,51.415302
-2.565327,51.415331
-2.565327,51.415331
-2.565327,51.415331
-2.506903,51.415355
-2.438917,51.415423
-2.348527,51.415493
-2.626732,51.415567
-2.574648,51.415573
-2.574648,51.415573
-2.610469,51.415617
-2.506978,51.415652
-2.62465,51.415794
-2.62465,51.415794
-2.62465,51.415794
-2.498613,51.416002
-2.498613,51.416002
-2.498613,51.416002
-2.498613,51.416002
-2.498613,51.416002
-2.498613,51.416002
-2.498613,51.416002
-2.498613,51.416002
-2.55192,51.416114
-2.55192,51.416114
-2.55192,51.416114
-2.55192,51.416114
-2.55192,51.416114
-2.55192,51.416114
-2.55192,51.416114
-2.509126,51.416137
-2.600036,51.416138
-2.600036,51.416138
-2.600036,51.416138
-2.600036,51.416138
-2.600036,51.416138
-2.600036,51.416138
-2.600036,51.416138
-2.600036,51.416138
-2.600036,51.416138
-2.600036,51.416138
-2.600036,51.416138
-2.600036,51.416138
-2.600036,51.416138
-2.600036,51.416138
-2.600036,51.416138
-2.600036,51.416138
-2.600036,51.416138
-2.600036,51.416138
-2.600036,51.416138
-2.600036,51.416138
-2.600036,51.416138
-2.600036,51.416138
-2.600036,51.416138
-2.600036,51.416138
-2.600036,51.416138
-2.600036,51.416138
-2.600036,51.416138
-2.600036,51.416138
-2.600036,51.416138
-2.600036,51.416138
-2.600036,51.416138
-2.600036,51.416138
-2.600036,51.416138
-2.600036,51.416138
-2.600036,51.416138
-2.600036,51.416138
-2.600036,51.416138
-2.600036,51.416138
-2.483216,51.416346
-2.503837,51.416358
-2.581418,51.416466
-2.569627,51.41647
-2.569627,51.41647
-2.569627,51.41647
-2.569627,51.41647
-2.501425,51.416692
-2.501425,51.416692
-2.571068,51.416733
-2.545357,51.416783
-2.559652,51.41686
-2.625991,51.417153
-2.625991,51.417153
-2.565264,51.417165
-2.499922,51.417373
-2.499922,51.417373
-2.499922,51.417373
-2.501319,51.417573
-2.5569,51.417601
-2.551378,51.417627
-2.838744,51.417694
-2.838744,51.417694
-2.838744,51.417694
-2.838744,51.417694
-2.838744,51.417694
-2.504068,51.417804
-2.49793,51.417966
-2.576089,51.418075
-2.576089,51.418075
-2.55403,51.418118
-2.504289,51.41828
-2.545303,51.418294
-2.58915,51.418361
-2.58915,51.418361
-2.58915,51.418361
-2.58915,51.418361
-2.58915,51.418361
-2.58915,51.418361
-2.58915,51.418361
-2.58915,51.418361
-2.58915,51.418361
-2.58915,51.418361
-2.58915,51.418361
-2.558636,51.418474
-2.558636,51.418474
-2.54286,51.418476
-2.54286,51.418476
-2.573146,51.418503
-2.558192,51.418647
-2.558192,51.418647
-2.504309,51.418801
-2.504309,51.418801
-2.504309,51.418801
-2.504309,51.418801
-2.592938,51.418827
-2.618019,51.418868
-2.618019,51.418868
-2.618019,51.418868
-2.574389,51.418991
-2.574389,51.418991
-2.578502,51.419007
-2.802097,51.419039
-2.746329,51.419119
-2.749969,51.419213
-2.625489,51.419305
-2.588142,51.419364
-2.572136,51.419371
-2.630652,51.419376
-2.552107,51.419629
-2.494715,51.419948
-2.494715,51.419948
-2.57459,51.420078
-2.57459,51.420078
-2.57459,51.420078
-2.57459,51.420078
-2.57459,51.420078
-2.57459,51.420078
-2.591675,51.42011
-2.579726,51.42026
-2.579726,51.42026
-2.745457,51.420312
-2.59539,51.420496
-2.59539,51.420496
-2.57313,51.420661
-2.629551,51.420848
-2.597685,51.421141
-2.575279,51.421145
-2.593386,51.421172
-2.751472,51.421433
-2.861211,51.421757
-2.861211,51.421757
-2.591987,51.42197
-2.576527,51.422002
-2.576527,51.422002
-2.625842,51.422019
-2.594146,51.42213
-2.594146,51.42213
-2.593126,51.422234
-2.593126,51.422234
-2.573971,51.422329
-2.67207,51.422347
-2.553939,51.422462
-2.588113,51.4227
-2.597377,51.422842
-2.597377,51.422842
-2.575661,51.42295
-2.575661,51.42295
-2.568687,51.42302
-2.593985,51.42303
-2.573735,51.423041
-2.562489,51.423086
-2.569681,51.423168
-2.569681,51.423168
-2.569681,51.423168
-2.510427,51.423181
-2.510427,51.423181
-2.555903,51.42319
-2.582425,51.423259
-2.582425,51.423259
-2.598145,51.423305
-2.589937,51.42359
-2.589937,51.42359
-2.589937,51.42359
-2.607153,51.423655
-2.516919,51.423683
-2.516919,51.423683
-2.597461,51.423794
-2.591221,51.423934
-2.75478,51.424011
-2.755873,51.424022
-2.556433,51.424176
-2.592433,51.424225
-2.592433,51.424225
-2.613245,51.424243
-2.459654,51.424254
-2.562835,51.424281
-2.58569,51.424384
-2.58569,51.424384
-2.448252,51.424568
-2.448252,51.424568
-2.448252,51.424568
-2.448252,51.424568
-2.448252,51.424568
-2.752905,51.424571
-2.752905,51.424571
-2.752905,51.424571
-2.768799,51.424666
-2.765942,51.424954
-2.577414,51.4251
-2.577414,51.4251
-2.577414,51.4251
-2.577414,51.4251
-2.855004,51.425121
-2.58091,51.425136
-2.562083,51.425147
-2.652724,51.425217
-2.652724,51.425217
-2.588966,51.425258
-2.583199,51.425323
-2.592894,51.425409
-2.592894,51.425409
-2.555844,51.425429
-2.613879,51.425445
-2.58579,51.425463
-2.58579,51.425463
-2.58579,51.425463
-2.58579,51.425463
-2.61096,51.425469
-2.852656,51.425722
-2.586643,51.425827
-2.590987,51.425859
-2.573699,51.425918
-2.559849,51.425967
-2.577786,51.426051
-2.577786,51.426051
-2.577786,51.426051
-2.544892,51.426056
-2.463974,51.426098
-2.463974,51.426098
-2.566151,51.426153
-2.581585,51.426212
-2.404228,51.426284
-2.404228,51.426284
-2.404228,51.426284
-2.404228,51.426284
-2.670101,51.426387
-2.670101,51.426387
-2.670101,51.426387
-2.568744,51.426437
-2.568744,51.426437
-2.564904,51.426465
-2.671124,51.426489
-2.849798,51.426741
-2.851439,51.426783
-2.761947,51.426896
-2.578963,51.426971
-2.578963,51.426971
-2.578963,51.426971
-2.578963,51.426971
-2.578963,51.426971
-2.578963,51.426971
-2.771556,51.426977
-2.66335,51.42701
-2.666299,51.427038
-2.582631,51.427043
-2.582631,51.427043
-2.582631,51.427043
-2.582631,51.427043
-2.582631,51.427043
-2.538302,51.427057
-2.538302,51.427057
-2.597044,51.427061
-2.597044,51.427061
-2.597044,51.427061
-2.662906,51.427093
-2.664359,51.427148
-2.581166,51.427185
-2.863111,51.427192
-2.556586,51.427287
-2.87199,51.427387
-2.869129,51.427453
-2.598447,51.427674
-2.580311,51.427855
-2.853862,51.427925
-2.764352,51.427959
-2.764352,51.427959
-2.604593,51.427975
-2.593719,51.427977
-2.571165,51.42799
-2.632109,51.428001
-2.586384,51.428076
-2.588657,51.428101
-2.667293,51.428138
-2.578129,51.428189
-2.761639,51.428255
-2.761639,51.428255
-2.568335,51.428273
-2.547278,51.428302
-2.547278,51.428302
-2.547278,51.428302
-2.547278,51.428302
-2.770127,51.428353
-2.770127,51.428353
-2.575213,51.428509
-2.584103,51.428537
-2.584103,51.428537
-2.772475,51.428571
-2.454577,51.428599
-2.558198,51.428601
-2.666151,51.428702
-2.666151,51.428702
-2.666151,51.428702
-2.666151,51.428702
-2.666151,51.428702
-2.542018,51.428722
-2.597584,51.428802
-2.597584,51.428802
-2.597584,51.428802
-2.551153,51.428823
-2.589359,51.42897
-2.586683,51.428974
-2.66358,51.428978
-2.66358,51.428978
-2.557168,51.429064
-2.557168,51.429064
-2.670746,51.429135
-2.670746,51.429135
-2.577883,51.429162
-2.592383,51.429242
-2.747847,51.429288
-2.603878,51.42939
-2.545134,51.429481
-2.545134,51.429481
-2.545134,51.429481
-2.545134,51.429481
-2.746168,51.429533
-2.571271,51.429536
-2.571271,51.429536
-2.571271,51.429536
-2.579485,51.429576
-2.553118,51.429578
-2.553118,51.429578
-2.553118,51.429578
-2.630292,51.429755
-2.856073,51.430004
-2.507339,51.430019
-2.507339,51.430019
-2.577563,51.430044
-2.542265,51.430168
-2.542265,51.430168
-2.542265,51.430168
-2.542265,51.430168
-2.542265,51.430168
-2.542265,51.430168
-2.542265,51.430168
-2.542265,51.430168
-2.859025,51.430199
-2.582269,51.430246
-2.582269,51.430246
-2.582269,51.430246
-2.582269,51.430246
-2.582269,51.430246
-2.625725,51.430265
-2.625725,51.430265
-2.625725,51.430265
-2.625725,51.430265
-2.625725,51.430265
-2.621007,51.430317
-2.592123,51.430322
-2.592123,51.430322
-2.592123,51.430322
-2.760019,51.430352
-2.612982,51.430377
-2.654668,51.430394
-2.654668,51.430394
-2.60379,51.430398
-2.56734,51.4304
-2.780275,51.430489
-2.570535,51.43052
-2.570535,51.43052
-2.851582,51.430613
-2.66966,51.430633
-2.597349,51.430656
-2.597349,51.430656
-2.479831,51.430881
-2.479831,51.430881
-2.665953,51.430924
-2.853689,51.430993
-2.853689,51.430993
-2.603598,51.431064
-2.605166,51.431074
-2.605166,51.431074
-2.605166,51.431074
-2.605166,51.431074
-2.625405,51.431103
-2.563394,51.431148
-2.553641,51.431149
-2.553641,51.431149
-2.667438,51.431168
-2.667438,51.431168
-2.665425,51.431179
-2.53815,51.431293
-2.564475,51.431331
-2.76608,51.431481
-2.76608,51.431481
-2.569799,51.431485
-2.569799,51.431485
-2.60756,51.431529
-2.60756,51.431529
-2.606495,51.431553
-2.537766,51.43161
-2.605648,51.431629
-2.758531,51.431656
-2.758531,51.431656
-2.603634,51.431657
-2.771074,51.431664
-2.771074,51.431664
-2.870043,51.431682
-2.546426,51.431704
-2.591797,51.431736
-2.66142,51.431795
-2.561978,51.431802
-2.561978,51.431802
-2.764445,51.431807
-2.774457,51.431822
-2.609074,51.431827
-2.585023,51.431833
-2.60086,51.431834
-2.590086,51.43187
-2.598962,51.431906
-2.578493,51.431919
-2.768778,51.431958
-2.768778,51.431958
-2.772102,51.432044
-2.753373,51.432049
-2.622124,51.432064
-2.662978,51.432065
-2.566038,51.432106
-2.614213,51.432124
-2.59468,51.432207
-2.602592,51.43222
-2.602592,51.43222
-2.602592,51.43222
-2.8519,51.432238
-2.760742,51.432316
-2.596048,51.432344
-2.596048,51.432344
-2.653071,51.432381
-2.653071,51.432381
-2.653071,51.432381
-2.842653,51.432403
-2.612592,51.432429
-2.612592,51.432429
-2.859384,51.432435
-2.859384,51.432435
-2.596942,51.432483
-2.857428,51.432485
-2.857428,51.432485
-2.608234,51.432488
-2.758618,51.432582
-2.758618,51.432582
-2.758618,51.432582
-2.758618,51.432582
-2.758618,51.432582
-2.758618,51.432582
-2.758618,51.432582
-2.758618,51.432582
-2.649452,51.432797
-2.610468,51.432827
-2.561314,51.432857
-2.660171,51.432944
-2.757115,51.433059
-2.757115,51.433059
-2.757115,51.433059
-2.846018,51.433126
-2.553679,51.433136
-2.553679,51.433136
-2.553679,51.433136
-2.553679,51.433136
-2.553679,51.433136
-2.553679,51.433136
-2.553679,51.433136
-2.553679,51.433136
-2.553679,51.433136
-2.553679,51.433136
-2.553679,51.433136
-2.553679,51.433136
-2.553679,51.433136
-2.545264,51.433158
-2.605395,51.433213
-2.609841,51.433244
-2.609841,51.433244
-2.578251,51.433287
-2.578251,51.433287
-2.578251,51.433287
-2.578251,51.433287
-2.578251,51.433287
-2.578251,51.433287
-2.868105,51.433369
-2.588596,51.433406
-2.588596,51.433406
-2.588596,51.433406
-2.588596,51.433406
-2.588596,51.433406
-2.588596,51.433406
-2.754388,51.433419
-2.754388,51.433419
-2.853736,51.433483
-2.619656,51.433543
-2.619656,51.433543
-2.619656,51.433543
-2.619656,51.433543
-2.619656,51.433543
-2.619656,51.433543
-2.619656,51.433543
-2.619656,51.433543
-2.619656,51.433543
-2.498689,51.433545
-2.498689,51.433545
-2.479413,51.43358
-2.61209,51.433601
-2.861206,51.433734
-2.861206,51.433734
-2.607517,51.433759
-2.755847,51.433769
-2.755847,51.433769
-2.755847,51.433769
-2.593751,51.433848
-2.535548,51.43385
-2.758207,51.433861
-2.758207,51.433861
-2.758207,51.433861
-2.758207,51.433861
-2.539332,51.433958
-2.625374,51.434043
-2.550511,51.43405
-2.550511,51.43405
-2.550511,51.43405
-2.580678,51.434075
-2.759751,51.434103
-2.759751,51.434103
-2.759751,51.434103
-2.759751,51.434103
-2.759751,51.434103
-2.759751,51.434103
-2.759751,51.434103
-2.5488,51.434121
-2.589583,51.434139
-2.589583,51.434139
-2.849102,51.4342
-2.849102,51.4342
-2.566021,51.434219
-2.566021,51.434219
-2.566021,51.434219
-2.566021,51.434219
-2.566021,51.434219
-2.603078,51.434241
-2.603078,51.434241
-2.603078,51.434241
-2.603078,51.434241
-2.603078,51.434241
-2.603078,51.434241
-2.764084,51.434282
-2.568008,51.434416
-2.568008,51.434416
-2.568008,51.434416
-2.568008,51.434416
-2.568008,51.434416
-2.568008,51.434416
-2.568008,51.434416
-2.589084,51.434429
-2.85125,51.434445
-2.552545,51.434499
-2.558918,51.43455
-2.864978,51.434633
-2.758366,51.434742
-2.758366,51.434742
-2.852349,51.434752
-2.852349,51.434752
-2.852349,51.434752
-2.611429,51.434782
-2.840899,51.434817
-2.544335,51.434852
-2.544335,51.434852
-2.568402,51.434855
-2.568402,51.434855
-2.568402,51.434855
-2.568402,51.434855
-2.755419,51.43486
-2.755419,51.43486
-2.755419,51.43486
-2.562706,51.434873
-2.845189,51.434957
-2.584746,51.43499
-2.478134,51.435051
-2.618698,51.435086
-2.751942,51.435152
-2.588647,51.43516
-2.766085,51.435249
-2.579082,51.435279
-2.565415,51.435283
-2.560669,51.435342
-2.560669,51.435342
-2.755931,51.435378
-2.60282,51.435402
-2.552815,51.435442
-2.552815,51.435442
-2.552815,51.435442
-2.552815,51.435442
-2.606002,51.435539
-2.477392,51.435639
-2.611067,51.435647
-2.608837,51.43565
-2.562485,51.435657
-2.852642,51.435766
-2.852642,51.435766
-2.852642,51.435766
-2.569636,51.435766
-2.605803,51.435791
-2.60474,51.435842
-2.8422,51.435896
-2.607834,51.435943
-2.607834,51.435943
-2.607834,51.435943
-2.839266,51.43598
-2.579724,51.436022
-2.57771,51.436023
-2.57771,51.436023
-2.57771,51.436023
-2.57771,51.436023
-2.57771,51.436023
-2.616395,51.436033
-2.582315,51.436081
-2.494344,51.436189
-2.586821,51.436374
-2.591109,51.436397
-2.858409,51.436452
-2.567286,51.436497
-2.606073,51.436581
-2.606073,51.436581
-2.563921,51.436585
-2.853304,51.436589
-2.578883,51.436629
-2.598679,51.436637
-2.598679,51.436637
-2.8524,51.436694
-2.8524,51.436694
-2.561146,51.436706
-2.327138,51.436712
-2.856414,51.436728
-2.566282,51.436753
-2.764097,51.436772
-2.764097,51.436772
-2.608882,51.436863
-2.588741,51.436885
-2.588741,51.436885
-2.837916,51.436897
-2.837916,51.436897
-2.850778,51.436904
-2.619874,51.436932
-2.84042,51.436942
-2.84042,51.436942
-2.564832,51.436949
-2.585045,51.436958
-2.585045,51.436958
-2.759946,51.437186
-2.59322,51.437241
-2.553873,51.437262
-2.552593,51.437277
-2.514627,51.437297
-2.596444,51.437332
-2.520785,51.437333
-2.519375,51.437366
-2.575139,51.437439
-2.584289,51.437465
-2.530843,51.437495
-2.530843,51.437495
-2.530843,51.437495
-2.530843,51.437495
-2.568465,51.437597
-2.614344,51.437608
-2.614344,51.437608
-2.614344,51.437608
-2.603353,51.437629
-2.603353,51.437629
-2.603353,51.437629
-2.58494,51.437723
-2.860879,51.437756
-2.588738,51.437767
-2.532155,51.437777
-2.532155,51.437777
-2.532155,51.437777
-2.854233,51.437778
-2.547391,51.437814
-2.852436,51.437881
-2.608867,51.437907
-2.493313,51.437964
-2.591187,51.437979
-2.591187,51.437979
-2.608237,51.438126
-2.600785,51.438146
-2.521485,51.43822
-2.549584,51.438326
-2.596256,51.438367
-2.489735,51.438384
-2.746889,51.43843
-2.746889,51.43843
-2.746889,51.43843
-2.488097,51.438508
-2.57406,51.438604
-2.605784,51.438651
-2.600318,51.438733
-2.59406,51.438756
-2.59406,51.438756
-2.613642,51.438835
-2.613642,51.438835
-2.613642,51.438835
-2.557431,51.438837
-2.557431,51.438837
-2.557431,51.438837
-2.620534,51.438906
-2.620534,51.438906
-2.55703,51.439001
-2.543407,51.439056
-2.543407,51.439056
-2.543407,51.439056
-2.86381,51.439074
-2.628665,51.439088
-2.628665,51.439088
-2.617098,51.439104
-2.597992,51.43914
-2.597992,51.43914
-2.597992,51.43914
-2.597992,51.43914
-2.597992,51.43914
-2.574613,51.43915
-2.552747,51.439318
-2.518879,51.43932
-2.518879,51.43932
-2.518879,51.43932
-2.518879,51.43932
-2.609304,51.439406
-2.560373,51.439416
-2.49412,51.439418
-2.593997,51.439476
-2.593997,51.439476
-2.605925,51.439567
-2.85959,51.439582
-2.607926,51.43962
-2.72819,51.439645
-2.602128,51.439668
-2.602128,51.439668
-2.629753,51.439702
-2.629753,51.439702
-2.591037,51.439733
-2.483839,51.439955
-2.538152,51.439997
-2.572898,51.440021
-2.572898,51.440021
-2.572898,51.440021
-2.572898,51.440021
-2.572898,51.440021
-2.572898,51.440021
-2.572898,51.440021
-2.595227,51.440045
-2.601371,51.440049
-2.601371,51.440049
-2.471223,51.44007
-2.471223,51.44007
-2.54844,51.440084
-2.593243,51.440118
-2.604682,51.440212
-2.602769,51.440222
-2.602769,51.440222
-2.623257,51.440232
-2.623257,51.440232
-2.532889,51.440255
-2.532889,51.440255
-2.532889,51.440255
-2.684621,51.440294
-2.582657,51.440396
-2.582657,51.440396
-2.582657,51.440396
-2.604426,51.440402
-2.604426,51.440402
-2.616915,51.440472
-2.599521,51.440481
-2.605938,51.440484
-2.570918,51.440489
-2.489111,51.4405
-2.480032,51.440501
-2.609146,51.440504
-2.609146,51.440504
-2.609146,51.440504
-2.609146,51.440504
-2.609146,51.440504
-2.609146,51.440504
-2.609146,51.440504
-2.609146,51.440504
-2.609146,51.440504
-2.609146,51.440504
-2.609146,51.440504
-2.609146,51.440504
-2.534303,51.440563
-2.534303,51.440563
-2.534303,51.440563
-2.612183,51.440569
-2.537928,51.440574
-2.537928,51.440574
-2.537928,51.440574
-2.694581,51.440577
-2.474005,51.440589
-2.857523,51.440631
-2.598904,51.440637
-2.60781,51.440655
-2.854187,51.4407
-2.854187,51.4407
-2.535355,51.44072
-2.855411,51.440781
-2.570275,51.440834
-2.607295,51.440837
-2.555802,51.440886
-2.555802,51.440886
-2.555802,51.440886
-2.555802,51.440886
-2.555802,51.440886
-2.582592,51.4409
-2.481187,51.44091
-2.578923,51.440918
-2.578923,51.440918
-2.578923,51.440918
-2.518998,51.440929
-2.518998,51.440929
-2.513417,51.44098
-2.558552,51.441053
-2.558552,51.441053
-2.558552,51.441053
-2.487002,51.441102
-2.611802,51.44111
-2.611802,51.44111
-2.611802,51.44111
-2.611802,51.44111
-2.611802,51.44111
-2.611802,51.44111
-2.611802,51.44111
-2.839547,51.441112
-2.571861,51.441123
-2.601126,51.441139
-2.601126,51.441139
-2.601126,51.441139
-2.556324,51.441207
-2.817393,51.441286
-2.595229,51.441286
-2.575477,51.441429
-2.575477,51.441429
-2.575477,51.441429
-2.551177,51.441546
-2.618787,51.441613
-2.596859,51.441619
-2.608183,51.441642
-2.601436,51.441721
-2.601436,51.441721
-2.601436,51.441721
-2.601436,51.441721
-2.595782,51.441732
-2.595782,51.441732
-2.618185,51.441787
-2.618185,51.441787
-2.595596,51.441832
-2.858826,51.441835
-2.573856,51.441842
-2.573856,51.441842
-2.573856,51.441842
-2.573856,51.441842
-2.599611,51.441857
-2.599611,51.441857
-2.599611,51.441857
-2.466882,51.441885
-2.615151,51.441938
-2.604634,51.442029
-2.604634,51.442029
-2.578449,51.442098
-2.578449,51.442098
-2.538034,51.442174
-2.598033,51.442215
-2.598033,51.442215
-2.598033,51.442215
-2.630651,51.442224
-2.579358,51.4423
-2.851742,51.44231
-2.486943,51.442325
-2.613502,51.442351
-2.613502,51.442351
-2.613487,51.44236
-2.613487,51.44236
-2.501994,51.442378
-2.501994,51.442378
-2.6152,51.442387
-2.617316,51.442466
-2.617316,51.442466
-2.617316,51.442466
-2.556742,51.442482
-2.556742,51.442482
-2.556742,51.442482
-2.556742,51.442482
-2.607936,51.442506
-2.572642,51.442558
-2.611534,51.442586
-2.60375,51.442609
-2.629016,51.442647
-2.477969,51.442722
-2.502242,51.442737
-2.665406,51.442751
-2.594529,51.442764
-2.594529,51.442764
-2.614213,51.442806
-2.614213,51.442806
-2.604645,51.442856
-2.595077,51.442887
-2.595077,51.442887
-2.595077,51.442887
-2.595077,51.442887
-2.595077,51.442887
-2.595077,51.442887
-2.558574,51.442887
-2.558574,51.442887
-2.558574,51.442887
-2.563481,51.442926
-2.563481,51.442926
-2.577337,51.44294
-2.577337,51.44294
-2.56177,51.442988
-2.56177,51.442988
-2.56177,51.442988
-2.56177,51.442988
-2.56177,51.442988
-2.56177,51.442988
-2.56177,51.442988
-2.76469,51.443
-2.76469,51.443
-2.598807,51.443102
-2.596807,51.443112
-2.602852,51.443225
-2.551255,51.443254
-2.551255,51.443254
-2.567788,51.443337
-2.568652,51.443369
-2.79615,51.443375
-2.610207,51.443429
-2.618741,51.443538
-2.618741,51.443538
-2.616986,51.44361
-2.616986,51.44361
-2.616454,51.443622
-2.616454,51.443622
-2.599752,51.443852
-2.550241,51.443861
-2.503982,51.443952
-2.503982,51.443952
-2.503982,51.443952
-2.503982,51.443952
-2.579163,51.443956
-2.594099,51.443962
-2.594099,51.443962
-2.594099,51.443962
-2.594099,51.443962
-2.594099,51.443962
-2.594099,51.443962
-2.594099,51.443962
-2.594099,51.443962
-2.594099,51.443962
-2.594099,51.443962
-2.594099,51.443962
-2.594099,51.443962
-2.594099,51.443962
-2.594099,51.443962
-2.594099,51.443962
-2.594099,51.443962
-2.594099,51.443962
-2.594099,51.443962
-2.558991,51.443991
-2.558991,51.443991
-2.558991,51.443991
-2.493854,51.444103
-2.493854,51.444103
-2.615914,51.44411
-2.806163,51.444143
-2.495524,51.44415
-2.509366,51.444172
-2.504431,51.444175
-2.588691,51.444196
-2.553151,51.444216
-2.604059,51.444226
-2.598061,51.444409
-2.593097,51.444434
-2.593097,51.444434
-2.587343,51.444508
-2.587343,51.444508
-2.520708,51.444509
-2.520708,51.444509
-2.520708,51.444509
-2.626784,51.444628
-2.49258,51.444693
-2.483199,51.44475
-2.585778,51.444768
-2.585778,51.444768
-2.569635,51.444902
-2.569635,51.444902
-2.550483,51.444903
-2.593708,51.444908
-2.593708,51.444908
-2.599163,51.444997
-2.61138,51.445069
-2.61138,51.445069
-2.585625,51.445209
-2.592187,51.445212
-2.592187,51.445212
-2.591079,51.445254
-2.599772,51.445372
-2.490012,51.445423
-2.509467,51.445448
-2.550462,51.445551
-2.601026,51.445563
-2.601026,51.445563
-2.607084,51.445577
-2.85576,51.445598
-2.609243,51.44561
-2.609243,51.44561
-2.553255,51.445654
-2.553255,51.445654
-2.582811,51.445682
-2.582811,51.445682
-2.582811,51.445682
-2.582811,51.445682
-2.582811,51.445682
-2.586021,51.445774
-2.484088,51.445817
-2.484088,51.445817
-2.50714,51.445827
-2.50714,51.445827
-2.50714,51.445827
-2.567071,51.445858
-2.567071,51.445858
-2.491298,51.445895
-2.491298,51.445895
-2.591405,51.445954
-2.591405,51.445954
-2.588499,51.446013
-2.588499,51.446013
-2.588499,51.446013
-2.588499,51.446013
-2.588499,51.446013
-2.588499,51.446013
-2.515257,51.446025
-2.518152,51.446211
-2.6041,51.446231
-2.502684,51.44626
-2.502684,51.44626
-2.502684,51.44626
-2.502684,51.44626
-2.502684,51.44626
-2.502684,51.44626
-2.473848,51.446335
-2.490655,51.446365
-2.593599,51.446464
-2.533624,51.446492
-2.589441,51.446548
-2.589441,51.446548
-2.479693,51.446572
-2.479693,51.446572
-2.591326,51.446574
-2.591326,51.446574
-2.520876,51.446657
-2.857406,51.446665
-2.852257,51.446811
-2.588466,51.446841
-2.588466,51.446841
-2.612023,51.446909
-2.612023,51.446909
-2.612023,51.446909
-2.594166,51.44692
-2.585779,51.447142
-2.585779,51.447142
-2.585779,51.447142
-2.585779,51.447142
-2.585779,51.447142
-2.585779,51.447142
-2.585779,51.447142
-2.477742,51.447173
-2.477742,51.447173
-2.477742,51.447173
-2.500535,51.447177
-2.500535,51.447177
-2.500535,51.447177
-2.588572,51.4472
-2.588572,51.4472
-2.588572,51.4472
-2.588572,51.4472
-2.588572,51.4472
-2.588572,51.4472
-2.588572,51.4472
-2.588572,51.4472
-2.612833,51.44721
-2.609092,51.447212
-2.464058,51.447219
-2.523445,51.447266
-2.621612,51.447272
-2.621612,51.447272
-2.51166,51.447273
-2.51166,51.447273
-2.590271,51.44729
-2.590271,51.44729
-2.590271,51.44729
-2.590271,51.44729
-2.590271,51.44729
-2.590271,51.44729
-2.590271,51.44729
-2.590271,51.44729
-2.590271,51.44729
-2.610546,51.447312
-2.552888,51.447427
-2.596748,51.447428
-2.596748,51.447428
-2.48117,51.447429
-2.48117,51.447429
-2.543477,51.447445
-2.482336,51.44746
-2.619485,51.447481
-2.596231,51.447494
-2.473012,51.447543
-2.473012,51.447543
-2.484179,51.44757
-2.520225,51.447604
-2.520225,51.447604
-2.605889,51.44766
-2.605889,51.44766
-2.605889,51.44766
-2.605889,51.44766
-2.605889,51.44766
-2.613185,51.447685
-2.613185,51.447685
-2.569123,51.4477
-2.509782,51.447929
-2.560508,51.44803
-2.560508,51.44803
-2.560508,51.44803
-2.560508,51.44803
-2.560508,51.44803
-2.560508,51.44803
-2.560508,51.44803
-2.560508,51.44803
-2.560508,51.44803
-2.560508,51.44803
-2.560508,51.44803
-2.560508,51.44803
-2.560508,51.44803
-2.560508,51.44803
-2.560508,51.44803
-2.560508,51.44803
-2.560508,51.44803
-2.492573,51.448047
-2.492573,51.448047
-2.492573,51.448047
-2.492573,51.448047
-2.506402,51.448087
-2.506402,51.448087
-2.58431,51.448129
-2.513641,51.448137
-2.513641,51.448137
-2.47886,51.44814
-2.58893,51.448187
-2.58893,51.448187
-2.591493,51.448318
-2.497095,51.448397
-2.497095,51.448397
-2.497095,51.448397
-2.497095,51.448397
-2.497095,51.448397
-2.497095,51.448397
-2.497095,51.448397
-2.497095,51.448397
-2.497095,51.448397
-2.497095,51.448397
-2.497095,51.448397
-2.497095,51.448397
-2.497095,51.448397
-2.497095,51.448397
-2.497095,51.448397
-2.585997,51.4484
-2.585997,51.4484
-2.607411,51.448551
-2.607411,51.448551
-2.60249,51.448577
-2.522742,51.448726
-2.490739,51.44881
-2.422848,51.448922
-2.474336,51.448941
-2.474336,51.448941
-2.582076,51.448968
-2.582076,51.448968
-2.582076,51.448968
-2.582076,51.448968
-2.500426,51.449021
-2.500426,51.449021
-2.500426,51.449021
-2.500426,51.449021
-2.500426,51.449021
-2.467833,51.449102
-2.594267,51.449176
-2.594267,51.449176
-2.594267,51.449176
-2.594267,51.449176
-2.594267,51.449176
-2.594267,51.449176
-2.594267,51.449176
-2.602355,51.449198
-2.602355,51.449198
-2.602355,51.449198
-2.602355,51.449198
-2.602355,51.449198
-2.602355,51.449198
-2.516128,51.449205
-2.516128,51.449205
-2.477735,51.449215
-2.597333,51.449233
-2.61725,51.449264
-2.61725,51.449264
-2.615105,51.449275
-2.518187,51.449294
-2.471807,51.449302
-2.471807,51.449302
-2.471807,51.449302
-2.471807,51.449302
-2.518619,51.449311
-2.618344,51.449321
-2.613063,51.449322
-2.613063,51.449322
-2.613063,51.449322
-2.613063,51.449322
-2.613063,51.449322
-2.535312,51.449325
-2.51128,51.449343
-2.50597,51.449384
-2.50597,51.449384
-2.50597,51.449384
-2.517066,51.449443
-2.517066,51.449443
-2.517066,51.449443
-2.61446,51.44945
-2.588774,51.449474
-2.588774,51.449474
-2.620664,51.449579
-2.620664,51.449579
-2.620664,51.449579
-2.843575,51.449625
-2.594835,51.449668
-2.594835,51.449668
-2.594835,51.449668
-2.594835,51.449668
-2.594835,51.449668
-2.594835,51.449668
-2.614465,51.449773
-2.614465,51.449773
-2.622797,51.449792
-2.587614,51.449938
-2.583052,51.449943
-2.583052,51.449943
-2.583052,51.449943
-2.597084,51.449989
-2.597084,51.449989
-2.597084,51.449989
-2.597084,51.449989
-2.597084,51.449989
-2.597084,51.449989
-2.597084,51.449989
-2.597084,51.449989
-2.597084,51.449989
-2.597084,51.449989
-2.597084,51.449989
-2.597084,51.449989
-2.597084,51.449989
-2.597084,51.449989
-2.597084,51.449989
-2.59671,51.449991
-2.59671,51.449991
-2.59671,51.449991
-2.518051,51.450005
-2.518051,51.450005
-2.518051,51.450005
-2.518051,51.450005
-2.518051,51.450005
-2.518051,51.450005
-2.518051,51.450005
-2.518051,51.450005
-2.518051,51.450005
-2.518051,51.450005
-2.518051,51.450005
-2.518051,51.450005
-2.518051,51.450005
-2.491487,51.450075
-2.471513,51.450085
-2.55259,51.450126
-2.591114,51.450145
-2.591114,51.450145
-2.591114,51.450145
-2.591114,51.450145
-2.591114,51.450145
-2.591114,51.450145
-2.591114,51.450145
-2.591114,51.450145
-2.591114,51.450145
-2.591114,51.450145
-2.591114,51.450145
-2.591114,51.450145
-2.602871,51.450193
-2.602871,51.450193
-2.602871,51.450193
-2.602871,51.450193
-2.602871,51.450193
-2.602871,51.450193
-2.602871,51.450193
-2.522097,51.450194
-2.609707,51.450221
-2.616385,51.450276
-2.543728,51.450339
-2.619308,51.45035
-2.606241,51.450383
-2.606241,51.450383
-2.593161,51.450414
-2.547125,51.450449
-2.623929,51.450488
-2.477446,51.450502
-2.477446,51.450502
-2.477446,51.450502
-2.611654,51.450507
-2.611654,51.450507
-2.594702,51.450514
-2.594702,51.450514
-2.594702,51.450514
-2.510373,51.45057
-2.572368,51.45058
-2.572368,51.45058
-2.602906,51.450607
-2.602906,51.450607
-2.602906,51.450607
-2.602906,51.450607
-2.602906,51.450607
-2.602906,51.450607
-2.602906,51.450607
-2.602906,51.450607
-2.602906,51.450607
-2.602906,51.450607
-2.596171,51.450623
-2.596171,51.450623
-2.596171,51.450623
-2.615642,51.450648
-2.608029,51.450661
-2.608029,51.450661
-2.608029,51.450661
-2.608029,51.450661
-2.608029,51.450661
-2.489104,51.450669
-2.428318,51.450709
-2.589336,51.450712
-2.528032,51.450725
-2.528032,51.450725
-2.486903,51.450732
-2.486903,51.450732
-2.590949,51.450739
-2.590949,51.450739
-2.546783,51.450756
-2.61658,51.450805
-2.596865,51.45088
-2.596865,51.45088
-2.596865,51.45088
-2.596865,51.45088
-2.596865,51.45088
-2.596865,51.45088
-2.596865,51.45088
-2.596865,51.45088
-2.596865,51.45088
-2.596865,51.45088
-2.596865,51.45088
-2.596865,51.45088
-2.596865,51.45088
-2.596865,51.45088
-2.596865,51.45088
-2.596865,51.45088
-2.596865,51.45088
-2.596865,51.45088
-2.596865,51.45088
-2.596865,51.45088
-2.596865,51.45088
-2.596865,51.45088
-2.596865,51.45088
-2.596865,51.45088
-2.605054,51.450883
-2.575336,51.450889
-2.575336,51.450889
-2.575336,51.450889
-2.575336,51.450889
-2.575336,51.450889
-2.604421,51.450905
-2.604421,51.450905
-2.587757,51.450998
-2.587757,51.450998
-2.603285,51.451009
-2.603285,51.451009
-2.603285,51.451009
-2.603285,51.451009
-2.603285,51.451009
-2.520595,51.451037
-2.520595,51.451037
-2.596436,51.451062
-2.593141,51.451115
-2.585802,51.451161
-2.585802,51.451161
-2.585802,51.451161
-2.585802,51.451161
-2.585802,51.451161
-2.547465,51.451202
-2.547465,51.451202
-2.504739,51.451214
-2.481238,51.451232
-2.481238,51.451232
-2.481238,51.451232
-2.590408,51.451237
-2.624314,51.451259
-2.624314,51.451259
-2.624314,51.451259
-2.624314,51.451259
-2.624314,51.451259
-2.624314,51.451259
-2.624314,51.451259
-2.554618,51.451268
-2.52706,51.451332
-2.747777,51.451417
-2.594916,51.451466
-2.605263,51.451467
-2.605263,51.451467
-2.605263,51.451467
-2.605263,51.451467
-2.605263,51.451467
-2.605263,51.451467
-2.605263,51.451467
-2.605263,51.451467
-2.605263,51.451467
-2.605263,51.451467
-2.605263,51.451467
-2.605263,51.451467
-2.605263,51.451467
-2.605263,51.451467
-2.605263,51.451467
-2.605263,51.451467
-2.605263,51.451467
-2.532431,51.451541
-2.532431,51.451541
-2.532431,51.451541
-2.532431,51.451541
-2.593809,51.451552
-2.583635,51.451612
-2.583635,51.451612
-2.583635,51.451612
-2.583635,51.451612
-2.583635,51.451612
-2.583635,51.451612
-2.583635,51.451612
-2.583635,51.451612
-2.583635,51.451612
-2.583635,51.451612
-2.593364,51.451653
-2.593364,51.451653
-2.593364,51.451653
-2.593364,51.451653
-2.593364,51.451653
-2.593364,51.451653
-2.593364,51.451653
-2.593364,51.451653
-2.593364,51.451653
-2.593364,51.451653
-2.593364,51.451653
-2.586715,51.451678
-2.620061,51.451785
-2.594776,51.45179
-2.594776,51.45179
-2.587609,51.45179
-2.587609,51.45179
-2.522591,51.451847
-2.506573,51.451854
-2.506573,51.451854
-2.506573,51.451854
-2.622135,51.451873
-2.631878,51.451947
-2.466927,51.451983
-2.488226,51.452013
-2.537862,51.452038
-2.525557,51.45204
-2.525557,51.45204
-2.481376,51.452041
-2.619303,51.452149
-2.564343,51.452156
-2.594263,51.452197
-2.594263,51.452197
-2.594263,51.452197
-2.594263,51.452197
-2.594263,51.452197
-2.594263,51.452197
-2.594263,51.452197
-2.594263,51.452197
-2.594263,51.452197
-2.594263,51.452197
-2.594263,51.452197
-2.594263,51.452197
-2.594263,51.452197
-2.594263,51.452197
-2.608755,51.452213
-2.588924,51.452224
-2.588924,51.452224
-2.617045,51.452259
-2.590062,51.452273
-2.590062,51.452273
-2.590062,51.452273
-2.485927,51.452292
-2.546385,51.452304
-2.510479,51.452367
-2.560474,51.452373
-2.763552,51.452413
-2.530283,51.452495
-2.593734,51.452497
-2.593734,51.452497
-2.593734,51.452497
-2.593734,51.452497
-2.593734,51.452497
-2.593734,51.452497
-2.593734,51.452497
-2.593734,51.452497
-2.593734,51.452497
-2.593734,51.452497
-2.593734,51.452497
-2.593734,51.452497
-2.593734,51.452497
-2.593734,51.452497
-2.593734,51.452497
-2.593734,51.452497
-2.593734,51.452497
-2.593734,51.452497
-2.593734,51.452497
-2.593734,51.452497
-2.593734,51.452497
-2.593734,51.452497
-2.593734,51.452497
-2.593734,51.452497
-2.593734,51.452497
-2.593734,51.452497
-2.593734,51.452497
-2.593734,51.452497
-2.593734,51.452497
-2.593734,51.452497
-2.593734,51.452497
-2.593734,51.452497
-2.593734,51.452497
-2.598225,51.452501
-2.598225,51.452501
-2.598225,51.452501
-2.598225,51.452501
-2.598225,51.452501
-2.598225,51.452501
-2.598225,51.452501
-2.598225,51.452501
-2.598225,51.452501
-2.598225,51.452501
-2.598225,51.452501
-2.598225,51.452501
-2.598225,51.452501
-2.598225,51.452501
-2.598225,51.452501
-2.598225,51.452501
-2.598225,51.452501
-2.598225,51.452501
-2.598225,51.452501
-2.598225,51.452501
-2.598225,51.452501
-2.598225,51.452501
-2.598225,51.452501
-2.598225,51.452501
-2.598225,51.452501
-2.598225,51.452501
-2.598225,51.452501
-2.598225,51.452501
-2.548907,51.452598
-2.548907,51.452598
-2.597147,51.45265
-2.597147,51.45265
-2.597147,51.45265
-2.597147,51.45265
-2.597147,51.45265
-2.597147,51.45265
-2.597147,51.45265
-2.597147,51.45265
-2.597147,51.45265
-2.597147,51.45265
-2.597147,51.45265
-2.597147,51.45265
-2.597147,51.45265
-2.611898,51.452655
-2.598802,51.45266
-2.598802,51.45266
-2.598802,51.45266
-2.598802,51.45266
-2.598802,51.45266
-2.598802,51.45266
-2.598802,51.45266
-2.592974,51.45268
-2.592974,51.45268
-2.621096,51.452724
-2.621096,51.452724
-2.621096,51.452724
-2.599868,51.452735
-2.599868,51.452735
-2.599868,51.452735
-2.599868,51.452735
-2.599868,51.452735
-2.599868,51.452735
-2.599868,51.452735
-2.599868,51.452735
-2.599868,51.452735
-2.578166,51.452754
-2.474332,51.452771
-2.474332,51.452771
-2.474332,51.452771
-2.474332,51.452771
-2.474332,51.452771
-2.57749,51.452785
-2.585952,51.452788
-2.595841,51.452882
-2.595841,51.452882
-2.595841,51.452882
-2.593135,51.452913
-2.593135,51.452913
-2.593135,51.452913
-2.593135,51.452913
-2.593135,51.452913
-2.495705,51.452916
-2.495705,51.452916
-2.485948,51.452921
-2.485948,51.452921
-2.469642,51.452934
-2.416711,51.452936
-2.606837,51.453014
-2.598476,51.45303
-2.598476,51.45303
-2.598476,51.45303
-2.595411,51.453046
-2.595411,51.453046
-2.595411,51.453046
-2.595411,51.453046
-2.60206,51.453066
-2.60206,51.453066
-2.601773,51.453085
-2.601773,51.453085
-2.601773,51.453085
-2.487302,51.453087
-2.564326,51.45311
-2.575998,51.453125
-2.575998,51.453125
-2.575998,51.453125
-2.575998,51.453125
-2.575998,51.453125
-2.596837,51.453137
-2.596837,51.453137
-2.596837,51.453137
-2.596837,51.453137
-2.596837,51.453137
-2.510056,51.453143
-2.598377,51.453175
-2.598377,51.453175
-2.598377,51.453175
-2.598377,51.453175
-2.598377,51.453175
-2.598377,51.453175
-2.598377,51.453175
-2.598377,51.453175
-2.598377,51.453175
-2.598377,51.453175
-2.598377,51.453175
-2.598377,51.453175
-2.598377,51.453175
-2.598377,51.453175
-2.598377,51.453175
-2.598377,51.453175
-2.598377,51.453175
-2.598377,51.453175
-2.598377,51.453175
-2.598377,51.453175
-2.598377,51.453175
-2.598377,51.453175
-2.598377,51.453175
-2.581741,51.453222
-2.63807,51.453226
-2.62152,51.453252
-2.445367,51.453253
-2.624039,51.453256
-2.624039,51.453256
-2.624039,51.453256
-2.624039,51.453256
-2.624039,51.453256
-2.596796,51.453281
-2.596796,51.453281
-2.596796,51.453281
-2.596796,51.453281
-2.596796,51.453281
-2.596796,51.453281
-2.596796,51.453281
-2.596796,51.453281
-2.596796,51.453281
-2.596796,51.453281
-2.596796,51.453281
-2.596796,51.453281
-2.596796,51.453281
-2.596796,51.453281
-2.596796,51.453281
-2.596796,51.453281
-2.615103,51.45334
-2.615103,51.45334
-2.615103,51.45334
-2.850681,51.45335
-2.850681,51.45335
-2.561653,51.453392
-2.561653,51.453392
-2.594351,51.453402
-2.594351,51.453402
-2.594351,51.453402
-2.594351,51.453402
-2.594351,51.453402
-2.594351,51.453402
-2.594351,51.453402
-2.594351,51.453402
-2.594351,51.453402
-2.594351,51.453402
-2.590177,51.453414
-2.590177,51.453414
-2.590177,51.453414
-2.590177,51.453414
-2.590177,51.453414
-2.590177,51.453414
-2.590177,51.453414
-2.590177,51.453414
-2.590177,51.453414
-2.590177,51.453414
-2.590177,51.453414
-2.590177,51.453414
-2.590177,51.453414
-2.590177,51.453414
-2.590177,51.453414
-2.590177,51.453414
-2.611305,51.453485
-2.536728,51.4535
-2.600684,51.453504
-2.600684,51.453504
-2.600684,51.453504
-2.625669,51.453562
-2.573831,51.453594
-2.562922,51.453611
-2.562922,51.453611
-2.562922,51.453611
-2.636133,51.453641
-2.636133,51.453641
-2.609264,51.453676
-2.602083,51.453677
-2.580438,51.453687
-2.499254,51.453711
-2.618792,51.453716
-2.618792,51.453716
-2.509847,51.453719
-2.617267,51.453724
-2.617267,51.453724
-2.514754,51.453751
-2.59804,51.453761
-2.59804,51.453761
-2.604948,51.453779
-2.592269,51.453799
-2.592269,51.453799
-2.592269,51.453799
-2.554894,51.453802
-2.587088,51.453816
-2.592874,51.45385
-2.592874,51.45385
-2.592874,51.45385
-2.592874,51.45385
-2.54436,51.453914
-2.531767,51.453918
-2.610347,51.453922
-2.610347,51.453922
-2.595682,51.453935
-2.595682,51.453935
-2.595682,51.453935
-2.595682,51.453935
-2.595682,51.453935
-2.480505,51.453978
-2.601209,51.454041
-2.601209,51.454041
-2.601209,51.454041
-2.601209,51.454041
-2.601209,51.454041
-2.601209,51.454041
-2.601209,51.454041
-2.601209,51.454041
-2.601209,51.454041
-2.599742,51.454085
-2.599742,51.454085
-2.599742,51.454085
-2.599742,51.454085
-2.599742,51.454085
-2.599742,51.454085
-2.599742,51.454085
-2.599742,51.454085
-2.599742,51.454085
-2.599742,51.454085
-2.599742,51.454085
-2.599742,51.454085
-2.599742,51.454085
-2.599742,51.454085
-2.603009,51.454113
-2.603009,51.454113
-2.586042,51.454172
-2.592476,51.454239
-2.592476,51.454239
-2.629622,51.454243
-2.594132,51.454275
-2.594132,51.454275
-2.594664,51.454281
-2.594664,51.454281
-2.594664,51.454281
-2.594664,51.454281
-2.594664,51.454281
-2.594664,51.454281
-2.594664,51.454281
-2.594664,51.454281
-2.594664,51.454281
-2.594664,51.454281
-2.594664,51.454281
-2.539256,51.454307
-2.59868,51.454315
-2.59868,51.454315
-2.59868,51.454315
-2.58272,51.454341
-2.564572,51.454367
-2.565968,51.454406
-2.636547,51.454412
-2.620284,51.454427
-2.610699,51.454442
-2.610699,51.454442
-2.602352,51.454476
-2.602352,51.454476
-2.602352,51.454476
-2.602352,51.454476
-2.602352,51.454476
-2.602352,51.454476
-2.602352,51.454476
-2.602352,51.454476
-2.602352,51.454476
-2.602352,51.454476
-2.602352,51.454476
-2.503279,51.454548
-2.596957,51.454593
-2.596957,51.454593
-2.596957,51.454593
-2.596957,51.454593
-2.598986,51.454601
-2.562502,51.454602
-2.60447,51.454627
-2.60447,51.454627
-2.602944,51.454635
-2.602944,51.454635
-2.602944,51.454635
-2.602944,51.454635
-2.602944,51.454635
-2.526005,51.454646
-2.595706,51.454681
-2.595706,51.454681
-2.586437,51.454692
-2.586437,51.454692
-2.525372,51.454693
-2.618834,51.454714
-2.537577,51.454728
-2.527272,51.454757
-2.598254,51.454776
-2.598254,51.454776
-2.598254,51.454776
-2.598254,51.454776
-2.598254,51.454776
-2.598254,51.454776
-2.598254,51.454776
-2.598254,51.454776
-2.598254,51.454776
-2.624563,51.454791
-2.624563,51.454791
-2.606877,51.454875
-2.606877,51.454875
-2.581849,51.454894
-2.581849,51.454894
-2.567183,51.454894
-2.595666,51.454915
-2.54515,51.454945
-2.623673,51.454949
-2.623673,51.454949
-2.430589,51.454954
-2.565313,51.454957
-2.603036,51.455021
-2.603036,51.455021
-2.603036,51.455021
-2.603036,51.455021
-2.603036,51.455021
-2.59489,51.455036
-2.59489,51.455036
-2.59489,51.455036
-2.59489,51.455036
-2.59489,51.455036
-2.59489,51.455036
-2.59489,51.455036
-2.602145,51.455133
-2.602145,51.455133
-2.610723,51.455134
-2.532688,51.455146
-2.561186,51.455202
-2.604593,51.455229
-2.620367,51.455236
-2.620367,51.455236
-2.620367,51.455236
-2.528962,51.455262
-2.528962,51.455262
-2.528962,51.455262
-2.600679,51.455294
-2.600679,51.455294
-2.603256,51.455325
-2.603256,51.455325
-2.603256,51.455325
-2.603256,51.455325
-2.603256,51.455325
-2.603256,51.455325
-2.603256,51.455325
-2.603256,51.455325
-2.603256,51.455325
-2.603256,51.455325
-2.603256,51.455325
-2.603256,51.455325
-2.603256,51.455325
-2.603256,51.455325
-2.603256,51.455325
-2.603256,51.455325
-2.603256,51.455325
-2.603256,51.455325
-2.603256,51.455325
-2.603256,51.455325
-2.603256,51.455325
-2.603256,51.455325
-2.603256,51.455325
-2.603256,51.455325
-2.603256,51.455325
-2.603256,51.455325
-2.603256,51.455325
-2.603256,51.455325
-2.603256,51.455325
-2.603256,51.455325
-2.603256,51.455325
-2.603256,51.455325
-2.603256,51.455325
-2.603256,51.455325
-2.603256,51.455325
-2.603256,51.455325
-2.603256,51.455325
-2.603256,51.455325
-2.603256,51.455325
-2.603256,51.455325
-2.603256,51.455325
-2.603256,51.455325
-2.603256,51.455325
-2.603256,51.455325
-2.603256,51.455325
-2.603256,51.455325
-2.593829,51.455356
-2.593829,51.455356
-2.593829,51.455356
-2.568067,51.455375
-2.605704,51.455421
-2.605704,51.455421
-2.605704,51.455421
-2.605704,51.455421
-2.597141,51.455456
-2.597141,51.455456
-2.604639,51.455462
-2.604639,51.455462
-2.580935,51.455465
-2.580935,51.455465
-2.506067,51.455507
-2.506067,51.455507
-2.598725,51.455511
-2.584189,51.455566
-2.584189,51.455566
-2.584189,51.455566
-2.510356,51.455569
-2.50142,51.455653
-2.50142,51.455653
-2.50142,51.455653
-2.608902,51.455665
-2.597547,51.455687
-2.597547,51.455687
-2.597547,51.455687
-2.597547,51.455687
-2.62115,51.455709
-2.607953,51.455715
-2.607953,51.455715
-2.583169,51.455724
-2.583169,51.455724
-2.583169,51.455724
-2.583169,51.455724
-2.591618,51.455735
-2.591618,51.455735
-2.591618,51.455735
-2.591618,51.455735
-2.591618,51.455735
-2.591618,51.455735
-2.591618,51.455735
-2.591618,51.455735
-2.591618,51.455735
-2.591618,51.455735
-2.591618,51.455735
-2.591618,51.455735
-2.591618,51.455735
-2.591618,51.455735
-2.591618,51.455735
-2.591618,51.455735
-2.591618,51.455735
-2.591618,51.455735
-2.591618,51.455735
-2.591618,51.455735
-2.622173,51.455766
-2.622173,51.455766
-2.61669,51.455768
-2.593203,51.455907
-2.563181,51.455974
-2.592686,51.455991
-2.592686,51.455991
-2.592686,51.455991
-2.592686,51.455991
-2.592686,51.455991
-2.530323,51.455993
-2.601768,51.456007
-2.556547,51.456015
-2.556547,51.456015
-2.589376,51.456017
-2.589376,51.456017
-2.589376,51.456017
-2.589376,51.456017
-2.589376,51.456017
-2.561671,51.456018
-2.67422,51.456027
-2.607108,51.456043
-2.607108,51.456043
-2.607108,51.456043
-2.607108,51.456043
-2.607108,51.456043
-2.566176,51.456095
-2.566176,51.456095
-2.566176,51.456095
-2.581605,51.456109
-2.581605,51.456109
-2.581605,51.456109
-2.581605,51.456109
-2.581605,51.456109
-2.581605,51.456109
-2.590385,51.456137
-2.590385,51.456137
-2.590385,51.456137
-2.590385,51.456137
-2.590385,51.456137
-2.590385,51.456137
-2.61324,51.456146
-2.618192,51.456165
-2.618192,51.456165
-2.49089,51.456165
-2.607426,51.456185
-2.560608,51.456194
-2.610551,51.456268
-2.568323,51.456291
-2.568323,51.456291
-2.568323,51.456291
-2.532731,51.456297
-2.55684,51.456481
-2.55684,51.456481
-2.431927,51.456505
-2.607963,51.456506
-2.607963,51.456506
-2.607963,51.456506
-2.607963,51.456506
-2.607963,51.456506
-2.607963,51.456506
-2.607963,51.456506
-2.607963,51.456506
-2.607963,51.456506
-2.607963,51.456506
-2.607963,51.456506
-2.55982,51.456512
-2.606251,51.45656
-2.606251,51.45656
-2.606366,51.456568
-2.606366,51.456568
-2.606366,51.456568
-2.606366,51.456568
-2.606366,51.456568
-2.606366,51.456568
-2.606366,51.456568
-2.606366,51.456568
-2.606366,51.456568
-2.601934,51.456582
-2.601934,51.456582
-2.601934,51.456582
-2.570572,51.456604
-2.606914,51.456637
-2.606914,51.456637
-2.606914,51.456637
-2.606914,51.456637
-2.606914,51.456637
-2.606914,51.456637
-2.577035,51.456653
-2.577035,51.456653
-2.577035,51.456653
-2.592148,51.456659
-2.592148,51.456659
-2.592148,51.456659
-2.592148,51.456659
-2.592148,51.456659
-2.592148,51.456659
-2.592148,51.456659
-2.592148,51.456659
-2.592148,51.456659
-2.592148,51.456659
-2.592148,51.456659
-2.592148,51.456659
-2.592148,51.456659
-2.592148,51.456659
-2.592148,51.456659
-2.592148,51.456659
-2.592148,51.456659
-2.592148,51.456659
-2.592148,51.456659
-2.592148,51.456659
-2.592148,51.456659
-2.586995,51.456685
-2.586995,51.456685
-2.58013,51.456692
-2.58013,51.456692
-2.58986,51.456751
-2.58986,51.456751
-2.58986,51.456751
-2.58986,51.456751
-2.58986,51.456751
-2.58986,51.456751
-2.58986,51.456751
-2.58986,51.456751
-2.58986,51.456751
-2.58986,51.456751
-2.58986,51.456751
-2.58986,51.456751
-2.58986,51.456751
-2.58986,51.456751
-2.58986,51.456751
-2.58986,51.456751
-2.58986,51.456751
-2.58986,51.456751
-2.58986,51.456751
-2.58986,51.456751
-2.58986,51.456751
-2.58986,51.456751
-2.58986,51.456751
-2.58986,51.456751
-2.58986,51.456751
-2.58986,51.456751
-2.58986,51.456751
-2.58986,51.456751
-2.58986,51.456751
-2.58986,51.456751
-2.58986,51.456751
-2.58986,51.456751
-2.58986,51.456751
-2.58986,51.456751
-2.58986,51.456751
-2.58986,51.456751
-2.58986,51.456751
-2.58986,51.456751
-2.58986,51.456751
-2.58986,51.456751
-2.58986,51.456751
-2.58986,51.456751
-2.58986,51.456751
-2.58986,51.456751
-2.58986,51.456751
-2.554901,51.456751
-2.599475,51.456766
-2.585284,51.456774
-2.585284,51.456774
-2.591272,51.456825
-2.591272,51.456825
-2.591272,51.456825
-2.591272,51.456825
-2.591272,51.456825
-2.591272,51.456825
-2.591272,51.456825
-2.594626,51.456844
-2.594626,51.456844
-2.594626,51.456844
-2.575613,51.456867
-2.559595,51.456918
-2.583256,51.456928
-2.583256,51.456928
-2.583256,51.456928
-2.583256,51.456928
-2.608415,51.456935
-2.608415,51.456935
-2.608415,51.456935
-2.608415,51.456935
-2.608415,51.456935
-2.514718,51.456935
-2.578205,51.456944
-2.578205,51.456944
-2.609236,51.456949
-2.56243,51.456949
-2.56243,51.456949
-2.56243,51.456949
-2.56243,51.456949
-2.433443,51.456949
-2.582149,51.456952
-2.582149,51.456952
-2.499362,51.456965
-2.573298,51.456995
-2.551795,51.457009
-2.551795,51.457009
-2.551968,51.457035
-2.551968,51.457035
-2.568174,51.457038
-2.459193,51.457084
-2.507927,51.457099
-2.507927,51.457099
-2.617686,51.457112
-2.607309,51.457112
-2.607309,51.457112
-2.607309,51.457112
-2.607309,51.457112
-2.607309,51.457112
-2.607309,51.457112
-2.607309,51.457112
-2.607309,51.457112
-2.607309,51.457112
-2.607309,51.457112
-2.607309,51.457112
-2.607309,51.457112
-2.607309,51.457112
-2.607309,51.457112
-2.607309,51.457112
-2.607309,51.457112
-2.607309,51.457112
-2.607309,51.457112
-2.607309,51.457112
-2.607309,51.457112
-2.607309,51.457112
-2.553725,51.457126
-2.597062,51.457174
-2.597062,51.457174
-2.597062,51.457174
-2.597062,51.457174
-2.52825,51.45718
-2.52825,51.45718
-2.505164,51.457201
-2.558433,51.457229
-2.604101,51.457245
-2.578828,51.457265
-2.578828,51.457265
-2.578828,51.457265
-2.578828,51.457265
-2.578828,51.457265
-2.578828,51.457265
-2.578828,51.457265
-2.578828,51.457265
-2.620639,51.457267
-2.592415,51.457269
-2.592415,51.457269
-2.592415,51.457269
-2.592415,51.457269
-2.592415,51.457269
-2.592415,51.457269
-2.592415,51.457269
-2.592415,51.457269
-2.592415,51.457269
-2.592415,51.457269
-2.592415,51.457269
-2.592415,51.457269
-2.592415,51.457269
-2.600849,51.45728
-2.600849,51.45728
-2.567587,51.457293
-2.567587,51.457293
-2.567587,51.457293
-2.567587,51.457293
-2.567587,51.457293
-2.567587,51.457293
-2.584125,51.457338
-2.584125,51.457338
-2.584125,51.457338
-2.584125,51.457338
-2.608492,51.45734
-2.608492,51.45734
-2.608492,51.45734
-2.608492,51.45734
-2.608492,51.45734
-2.465284,51.457393
-2.465284,51.457393
-2.5652,51.457421
-2.470078,51.457491
-2.470078,51.457491
-2.619189,51.457508
-2.506435,51.457519
-2.554464,51.457563
-2.651343,51.457568
-2.562956,51.457576
-2.578544,51.45759
-2.581711,51.457619
-2.581711,51.457619
-2.586288,51.457659
-2.586288,51.457659
-2.586288,51.457659
-2.586288,51.457659
-2.586288,51.457659
-2.586288,51.457659
-2.586288,51.457659
-2.586288,51.457659
-2.586288,51.457659
-2.586288,51.457659
-2.586288,51.457659
-2.586288,51.457659
-2.586288,51.457659
-2.586288,51.457659
-2.586288,51.457659
-2.586288,51.457659
-2.586288,51.457659
-2.586288,51.457659
-2.586288,51.457659
-2.586288,51.457659
-2.586288,51.457659
-2.586288,51.457659
-2.586288,51.457659
-2.586288,51.457659
-2.586288,51.457659
-2.586288,51.457659
-2.586288,51.457659
-2.586288,51.457659
-2.586288,51.457659
-2.586288,51.457659
-2.586288,51.457659
-2.563792,51.457689
-2.543398,51.45774
-2.430327,51.457742
-2.579856,51.457754
-2.579856,51.457754
-2.579856,51.457754
-2.579856,51.457754
-2.579856,51.457754
-2.579856,51.457754
-2.56732,51.45778
-2.56732,51.45778
-2.590766,51.457808
-2.590766,51.457808
-2.590766,51.457808
-2.590766,51.457808
-2.590766,51.457808
-2.590766,51.457808
-2.590766,51.457808
-2.590766,51.457808
-2.590766,51.457808
-2.590766,51.457808
-2.590766,51.457808
-2.590766,51.457808
-2.590766,51.457808
-2.590766,51.457808
-2.590766,51.457808
-2.590766,51.457808
-2.590766,51.457808
-2.590766,51.457808
-2.590766,51.457808
-2.590766,51.457808
-2.590766,51.457808
-2.590766,51.457808
-2.590766,51.457808
-2.590766,51.457808
-2.590766,51.457808
-2.590766,51.457808
-2.590766,51.457808
-2.590766,51.457808
-2.590766,51.457808
-2.590766,51.457808
-2.590766,51.457808
-2.590766,51.457808
-2.590766,51.457808
-2.590766,51.457808
-2.590766,51.457808
-2.590766,51.457808
-2.590766,51.457808
-2.590766,51.457808
-2.590766,51.457808
-2.590766,51.457808
-2.590766,51.457808
-2.590766,51.457808
-2.590766,51.457808
-2.590766,51.457808
-2.590766,51.457808
-2.590766,51.457808
-2.590766,51.457808
-2.590766,51.457808
-2.590766,51.457808
-2.590766,51.457808
-2.590766,51.457808
-2.590766,51.457808
-2.607808,51.45782
-2.597301,51.45782
-2.597301,51.45782
-2.454767,51.45783
-2.558757,51.457848
-2.546595,51.457851
-2.546595,51.457851
-2.551043,51.457884
-2.50025,51.457896
-2.50025,51.457896
-2.596482,51.457941
-2.575238,51.457948
-2.575238,51.457948
-2.531742,51.457965
-2.525885,51.457973
-2.525885,51.457973
-2.525885,51.457973
-2.525885,51.457973
-2.576808,51.458039
-2.576808,51.458039
-2.576808,51.458039
-2.576808,51.458039
-2.576808,51.458039
-2.576808,51.458039
-2.576808,51.458039
-2.576808,51.458039
-2.576808,51.458039
-2.576808,51.458039
-2.571585,51.458164
-2.571585,51.458164
-2.571585,51.458164
-2.571585,51.458164
-2.571585,51.458164
-2.594787,51.458165
-2.494539,51.458181
-2.494539,51.458181
-2.589044,51.458185
-2.589044,51.458185
-2.589044,51.458185
-2.589044,51.458185
-2.589044,51.458185
-2.589044,51.458185
-2.589044,51.458185
-2.589044,51.458185
-2.589044,51.458185
-2.589044,51.458185
-2.589044,51.458185
-2.589044,51.458185
-2.589044,51.458185
-2.589044,51.458185
-2.589044,51.458185
-2.589044,51.458185
-2.589044,51.458185
-2.589044,51.458185
-2.589044,51.458185
-2.589044,51.458185
-2.589044,51.458185
-2.589044,51.458185
-2.589044,51.458185
-2.589044,51.458185
-2.589044,51.458185
-2.589044,51.458185
-2.589044,51.458185
-2.589044,51.458185
-2.589044,51.458185
-2.589044,51.458185
-2.589044,51.458185
-2.589044,51.458185
-2.589044,51.458185
-2.589044,51.458185
-2.565353,51.458194
-2.565353,51.458194
-2.512617,51.458248
-2.570291,51.458251
-2.570291,51.458251
-2.577071,51.458317
-2.577071,51.458317
-2.577071,51.458317
-2.577071,51.458317
-2.554459,51.458336
-2.580151,51.458364
-2.559253,51.458376
-2.559253,51.458376
-2.559253,51.458376
-2.559253,51.458376
-2.59456,51.458427
-2.59456,51.458427
-2.59456,51.458427
-2.58116,51.45844
-2.602074,51.458461
-2.602074,51.458461
-2.609731,51.458511
-2.607083,51.458516
-2.607083,51.458516
-2.607083,51.458516
-2.607083,51.458516
-2.58309,51.458521
-2.58309,51.458521
-2.611042,51.458567
-2.611042,51.458567
-2.611042,51.458567
-2.611042,51.458567
-2.595195,51.458604
-2.595195,51.458604
-2.556463,51.458614
-2.582213,51.458615
-2.597383,51.45862
-2.597383,51.45862
-2.597383,51.45862
-2.547554,51.458629
-2.564625,51.458638
-2.564625,51.458638
-2.564625,51.458638
-2.564625,51.458638
-2.498085,51.458643
-2.560595,51.458666
-2.560595,51.458666
-2.543813,51.458709
-2.527491,51.458739
-2.550405,51.458751
-2.539207,51.458758
-2.546879,51.458767
-2.546879,51.458767
-2.555861,51.45877
-2.55314,51.458774
-2.610757,51.458811
-2.610757,51.458811
-2.590117,51.458818
-2.590117,51.458818
-2.590117,51.458818
-2.590117,51.458818
-2.590117,51.458818
-2.590117,51.458818
-2.590117,51.458818
-2.590117,51.458818
-2.590117,51.458818
-2.590117,51.458818
-2.584504,51.458846
-2.584504,51.458846
-2.584504,51.458846
-2.584504,51.458846
-2.584504,51.458846
-2.584504,51.458846
-2.51451,51.458878
-2.58914,51.458913
-2.58914,51.458913
-2.58914,51.458913
-2.536273,51.458915
-2.489293,51.458923
-2.489293,51.458923
-2.568701,51.458924
-2.61489,51.458961
-2.584952,51.458979
-2.584952,51.458979
-2.584952,51.458979
-2.584952,51.458979
-2.545543,51.459007
-2.610775,51.459018
-2.610775,51.459018
-2.610775,51.459018
-2.610775,51.459018
-2.610775,51.459018
-2.610775,51.459018
-2.475722,51.459042
-2.580059,51.459057
-2.580059,51.459057
-2.580059,51.459057
-2.580059,51.459057
-2.580059,51.459057
-2.580059,51.459057
-2.580059,51.459057
-2.580059,51.459057
-2.510798,51.459065
-2.510798,51.459065
-2.510798,51.459065
-2.666104,51.459103
-2.53819,51.459149
-2.53819,51.459149
-2.521695,51.459152
-2.578953,51.459207
-2.578953,51.459207
-2.661846,51.459262
-2.553075,51.459296
-2.553075,51.459296
-2.58785,51.459306
-2.58785,51.459306
-2.58785,51.459306
-2.58785,51.459306
-2.58785,51.459306
-2.58785,51.459306
-2.58785,51.459306
-2.58785,51.459306
-2.58785,51.459306
-2.58785,51.459306
-2.58785,51.459306
-2.576695,51.459326
-2.576695,51.459326
-2.58631,51.459332
-2.58631,51.459332
-2.58631,51.459332
-2.58631,51.459332
-2.58631,51.459332
-2.58631,51.459332
-2.58631,51.459332
-2.58631,51.459332
-2.58631,51.459332
-2.58631,51.459332
-2.491212,51.459337
-2.55142,51.459339
-2.50467,51.459361
-2.56839,51.459384
-2.573875,51.459393
-2.573875,51.459393
-2.573875,51.459393
-2.573875,51.459393
-2.573875,51.459393
-2.573875,51.459393
-2.573875,51.459393
-2.596055,51.4594
-2.596055,51.4594
-2.596055,51.4594
-2.596055,51.4594
-2.596055,51.4594
-2.596055,51.4594
-2.596055,51.4594
-2.596055,51.4594
-2.588974,51.459408
-2.588974,51.459408
-2.588974,51.459408
-2.613615,51.459417
-2.592126,51.459419
-2.592126,51.459419
-2.592126,51.459419
-2.592126,51.459419
-2.592126,51.459419
-2.592126,51.459419
-2.592126,51.459419
-2.592126,51.459419
-2.592126,51.459419
-2.592126,51.459419
-2.592126,51.459419
-2.592126,51.459419
-2.592126,51.459419
-2.592126,51.459419
-2.592126,51.459419
-2.592126,51.459419
-2.592126,51.459419
-2.592126,51.459419
-2.592126,51.459419
-2.542943,51.459424
-2.556574,51.45945
-2.548816,51.459459
-2.548816,51.459459
-2.524434,51.459508
-2.668974,51.45951
-2.60085,51.459519
-2.60085,51.459519
-2.60085,51.459519
-2.60085,51.459519
-2.450625,51.459572
-2.623348,51.459581
-2.50997,51.459608
-2.575979,51.459617
-2.575979,51.459617
-2.575979,51.459617
-2.555281,51.459627
-2.555281,51.459627
-2.555281,51.459627
-2.555281,51.459627
-2.553482,51.459644
-2.553482,51.459644
-2.553482,51.459644
-2.553482,51.459644
-2.543838,51.459644
-2.625436,51.459687
-2.591036,51.459713
-2.591036,51.459713
-2.591036,51.459713
-2.591036,51.459713
-2.591036,51.459713
-2.591036,51.459713
-2.591036,51.459713
-2.591036,51.459713
-2.591036,51.459713
-2.591036,51.459713
-2.591036,51.459713
-2.569042,51.459714
-2.569042,51.459714
-2.569042,51.459714
-2.569042,51.459714
-2.569042,51.459714
-2.569042,51.459714
-2.569042,51.459714
-2.57847,51.459721
-2.590979,51.45974
-2.610669,51.459747
-2.582861,51.459754
-2.518435,51.459805
-2.556823,51.459817
-2.528986,51.459847
-2.528986,51.459847
-2.552419,51.459865
-2.608685,51.45991
-2.608685,51.45991
-2.5878,51.459972
-2.5878,51.459972
-2.541539,51.459997
-2.541539,51.459997
-2.541539,51.459997
-2.515718,51.460041
-2.515718,51.460041
-2.593287,51.460133
-2.593287,51.460133
-2.593287,51.460133
-2.593287,51.460133
-2.593287,51.460133
-2.585514,51.460136
-2.586507,51.46014
-2.59772,51.460146
-2.594597,51.460207
-2.613957,51.460233
-2.613957,51.460233
-2.613957,51.460233
-2.613957,51.460233
-2.589027,51.460235
-2.589027,51.460235
-2.506436,51.460244
-2.576145,51.460272
-2.576145,51.460272
-2.584451,51.460276
-2.584451,51.460276
-2.584451,51.460276
-2.584451,51.460276
-2.507516,51.460284
-2.600385,51.460331
-2.492058,51.460341
-2.592225,51.460372
-2.592225,51.460372
-2.596413,51.460378
-2.591951,51.460382
-2.591951,51.460382
-2.590887,51.460433
-2.590887,51.460433
-2.590887,51.460433
-2.556342,51.46044
-2.556342,51.46044
-2.556342,51.46044
-2.480817,51.46045
-2.537846,51.460463
-2.484863,51.460533
-2.560114,51.460575
-2.573775,51.460608
-2.573775,51.460608
-2.573775,51.460608
-2.573775,51.460608
-2.586787,51.460642
-2.586787,51.460642
-2.586787,51.460642
-2.586787,51.460642
-2.586787,51.460642
-2.586787,51.460642
-2.586787,51.460642
-2.586787,51.460642
-2.569414,51.460647
-2.569414,51.460647
-2.593193,51.460655
-2.593193,51.460655
-2.593193,51.460655
-2.593193,51.460655
-2.593193,51.460655
-2.593193,51.460655
-2.593193,51.460655
-2.593193,51.460655
-2.593193,51.460655
-2.593193,51.460655
-2.593193,51.460655
-2.601239,51.460695
-2.575503,51.460707
-2.575503,51.460707
-2.575503,51.460707
-2.575503,51.460707
-2.575503,51.460707
-2.583909,51.460729
-2.521224,51.460754
-2.543362,51.460762
-2.478863,51.460791
-2.478863,51.460791
-2.604321,51.460796
-2.488335,51.460797
-2.488335,51.460797
-2.567444,51.460827
-2.599226,51.460849
-2.552878,51.460888
-2.552878,51.460888
-2.562134,51.460907
-2.562134,51.460907
-2.562134,51.460907
-2.562134,51.460907
-2.477411,51.460977
-2.583438,51.460983
-2.583438,51.460983
-2.583438,51.460983
-2.583438,51.460983
-2.55442,51.460998
-2.58184,51.461
-2.58184,51.461
-2.58184,51.461
-2.58184,51.461
-2.58184,51.461
-2.58184,51.461
-2.58184,51.461
-2.564352,51.461013
-2.593385,51.461032
-2.532253,51.461037
-2.518565,51.461063
-2.314501,51.461069
-2.591658,51.461094
-2.591658,51.461094
-2.591658,51.461094
-2.591658,51.461094
-2.494211,51.461105
-2.556134,51.461115
-2.539466,51.461121
-2.557458,51.461127
-2.577668,51.461137
-2.508893,51.461141
-2.567376,51.461142
-2.567376,51.461142
-2.598928,51.461165
-2.598928,51.461165
-2.598928,51.461165
-2.598928,51.461165
-2.598928,51.461165
-2.559086,51.461191
-2.601937,51.461213
-2.585817,51.461312
-2.585817,51.461312
-2.562916,51.461317
-2.589013,51.461332
-2.589013,51.461332
-2.589013,51.461332
-2.589013,51.461332
-2.589013,51.461332
-2.589013,51.461332
-2.589013,51.461332
-2.589013,51.461332
-2.589013,51.461332
-2.589013,51.461332
-2.509989,51.461361
-2.509989,51.461361
-2.59598,51.461396
-2.601839,51.461429
-2.517072,51.461429
-2.592756,51.46143
-2.56869,51.46146
-2.56869,51.46146
-2.56869,51.46146
-2.530689,51.461485
-2.530689,51.461485
-2.509314,51.461499
-2.509314,51.461499
-2.551273,51.461507
-2.534375,51.461522
-2.534375,51.461522
-2.534375,51.461522
-2.534375,51.461522
-2.534375,51.461522
-2.532086,51.461542
-2.574305,51.461549
-2.598516,51.46159
-2.565784,51.461609
-2.565784,51.461609
-2.565784,51.461609
-2.565784,51.461609
-2.565784,51.461609
-2.60688,51.461619
-2.749859,51.461655
-2.477102,51.461698
-2.587405,51.4617
-2.587405,51.4617
-2.587405,51.4617
-2.587405,51.4617
-2.587405,51.4617
-2.587405,51.4617
-2.587405,51.4617
-2.568031,51.461706
-2.568031,51.461706
-2.528735,51.461737
-2.528735,51.461737
-2.532909,51.461754
-2.610379,51.461763
-2.610379,51.461763
-2.584859,51.461785
-2.584859,51.461785
-2.584859,51.461785
-2.584859,51.461785
-2.563052,51.461838
-2.590402,51.461892
-2.590402,51.461892
-2.590402,51.461892
-2.590402,51.461892
-2.590402,51.461892
-2.590402,51.461892
-2.590402,51.461892
-2.590402,51.461892
-2.590402,51.461892
-2.590402,51.461892
-2.564161,51.461895
-2.550314,51.461916
-2.569732,51.46194
-2.569732,51.46194
-2.623984,51.461943
-2.506412,51.461943
-2.506412,51.461943
-2.573734,51.461957
-2.546298,51.461962
-2.546298,51.461962
-2.546298,51.461962
-2.575102,51.461977
-2.506153,51.46198
-2.598608,51.461985
-2.597125,51.462002
-2.597125,51.462002
-2.588921,51.462025
-2.588921,51.462025
-2.588921,51.462025
-2.588921,51.462025
-2.588921,51.462025
-2.588921,51.462025
-2.616457,51.462036
-2.531862,51.462046
-2.505578,51.4621
-2.505578,51.4621
-2.505578,51.4621
-2.505578,51.4621
-2.505578,51.4621
-2.505578,51.4621
-2.505578,51.4621
-2.591801,51.46211
-2.591801,51.46211
-2.591801,51.46211
-2.591801,51.46211
-2.591801,51.46211
-2.591801,51.46211
-2.591801,51.46211
-2.591801,51.46211
-2.591801,51.46211
-2.591801,51.46211
-2.591801,51.46211
-2.591801,51.46211
-2.591801,51.46211
-2.591801,51.46211
-2.591801,51.46211
-2.591801,51.46211
-2.591801,51.46211
-2.572887,51.462141
-2.572887,51.462141
-2.572887,51.462141
-2.572887,51.462141
-2.591125,51.462149
-2.591125,51.462149
-2.591125,51.462149
-2.591125,51.462149
-2.591125,51.462149
-2.591125,51.462149
-2.591125,51.462149
-2.591125,51.462149
-2.591125,51.462149
-2.591125,51.462149
-2.590909,51.46215
-2.590909,51.46215
-2.590909,51.46215
-2.590909,51.46215
-2.590909,51.46215
-2.590909,51.46215
-2.590909,51.46215
-2.534397,51.462188
-2.607377,51.46221
-2.607377,51.46221
-2.607377,51.46221
-2.607377,51.46221
-2.607377,51.46221
-2.502053,51.462232
-2.514173,51.462233
-2.498283,51.462284
-2.519543,51.46229
-2.58783,51.4623
-2.536673,51.462312
-2.536673,51.462312
-2.55527,51.462315
-2.55527,51.462315
-2.5157,51.462334
-2.513254,51.46239
-2.584694,51.462415
-2.584694,51.462415
-2.584694,51.462415
-2.605019,51.462429
-2.605019,51.462429
-2.605019,51.462429
-2.605019,51.462429
-2.605019,51.462429
-2.590092,51.462433
-2.590092,51.462433
-2.590092,51.462433
-2.590092,51.462433
-2.590092,51.462433
-2.590092,51.462433
-2.590092,51.462433
-2.590092,51.462433
-2.590092,51.462433
-2.590092,51.462433
-2.590092,51.462433
-2.590092,51.462433
-2.590092,51.462433
-2.590092,51.462433
-2.590092,51.462433
-2.590092,51.462433
-2.590092,51.462433
-2.590092,51.462433
-2.590092,51.462433
-2.590092,51.462433
-2.590092,51.462433
-2.590092,51.462433
-2.590092,51.462433
-2.590092,51.462433
-2.590092,51.462433
-2.590092,51.462433
-2.590092,51.462433
-2.57577,51.462459
-2.559101,51.462459
-2.559101,51.462459
-2.570833,51.462465
-2.570833,51.462465
-2.540388,51.462466
-2.540388,51.462466
-2.488828,51.462494
-2.488828,51.462494
-2.488828,51.462494
-2.488828,51.462494
-2.593274,51.462498
-2.593274,51.462498
-2.593274,51.462498
-2.52064,51.462501
-2.569308,51.462527
-2.508347,51.462573
-2.508347,51.462573
-2.508347,51.462573
-2.508347,51.462573
-2.508347,51.462573
-2.508347,51.462573
-2.508347,51.462573
-2.508347,51.462573
-2.508347,51.462573
-2.508347,51.462573
-2.508347,51.462573
-2.508347,51.462573
-2.591117,51.462626
-2.591117,51.462626
-2.58654,51.462658
-2.537454,51.462668
-2.599783,51.46268
-2.569828,51.462686
-2.610003,51.462691
-2.603367,51.462707
-2.561508,51.462717
-2.561508,51.462717
-2.561508,51.462717
-2.523521,51.462722
-2.523521,51.462722
-2.523521,51.462722
-2.523521,51.462722
-2.523521,51.462722
-2.523521,51.462722
-2.515849,51.462738
-2.515849,51.462738
-2.515849,51.462738
-2.554643,51.462822
-2.471371,51.462827
-2.531612,51.46283
-2.497281,51.462872
-2.552744,51.462885
-2.552744,51.462885
-2.619809,51.462891
-2.565685,51.462904
-2.565685,51.462904
-2.565685,51.462904
-2.623495,51.462961
-2.504105,51.462969
-2.504105,51.462969
-2.51136,51.462974
-2.590459,51.462989
-2.590459,51.462989
-2.590459,51.462989
-2.590459,51.462989
-2.590459,51.462989
-2.590459,51.462989
-2.509418,51.463036
-2.311478,51.463037
-2.500695,51.463074
-2.500695,51.463074
-2.500695,51.463074
-2.500695,51.463074
-2.500695,51.463074
-2.500695,51.463074
-2.500695,51.463074
-2.500695,51.463074
-2.500695,51.463074
-2.47716,51.463091
-2.597428,51.463133
-2.597428,51.463133
-2.549825,51.463177
-2.57896,51.463181
-2.592736,51.463193
-2.507448,51.463207
-2.507448,51.463207
-2.505087,51.463235
-2.583582,51.463239
-2.583582,51.463239
-2.583582,51.463239
-2.510644,51.463256
-2.560997,51.463322
-2.560997,51.463322
-2.560997,51.463322
-2.560997,51.463322
-2.560997,51.463322
-2.607219,51.463335
-2.607219,51.463335
-2.541838,51.46334
-2.541838,51.46334
-2.572874,51.463382
-2.568843,51.463383
-2.564496,51.463422
-2.58547,51.463445
-2.539637,51.463449
-2.587155,51.463482
-2.532123,51.463484
-2.608315,51.463509
-2.608315,51.463509
-2.608315,51.463509
-2.608315,51.463509
-2.608315,51.463509
-2.608315,51.463509
-2.608315,51.463509
-2.608315,51.463509
-2.608315,51.463509
-2.608315,51.463509
-2.608315,51.463509
-2.608315,51.463509
-2.608315,51.463509
-2.608315,51.463509
-2.608315,51.463509
-2.608315,51.463509
-2.544791,51.463515
-2.534513,51.463518
-2.530843,51.463526
-2.567233,51.463535
-2.567233,51.463535
-2.567233,51.463535
-2.599621,51.463536
-2.599621,51.463536
-2.599621,51.463536
-2.508329,51.463544
-2.508329,51.463544
-2.56994,51.463567
-2.56994,51.463567
-2.56994,51.463567
-2.56994,51.463567
-2.590539,51.463573
-2.590539,51.463573
-2.590539,51.463573
-2.586796,51.463573
-2.586796,51.463573
-2.586796,51.463573
-2.586796,51.463573
-2.509179,51.463595
-2.548046,51.463617
-2.552307,51.463624
-2.504386,51.463624
-2.535364,51.463658
-2.48838,51.463692
-2.48838,51.463692
-2.48838,51.463692
-2.591922,51.46371
-2.501177,51.463719
-2.461894,51.463719
-2.563147,51.463752
-2.518668,51.463778
-2.518668,51.463778
-2.60652,51.463788
-2.60652,51.463788
-2.60652,51.463788
-2.584827,51.46379
-2.584827,51.46379
-2.584827,51.46379
-2.602187,51.46381
-2.590024,51.463818
-2.590024,51.463818
-2.590024,51.463818
-2.590024,51.463818
-2.590024,51.463818
-2.590024,51.463818
-2.565034,51.463833
-2.565034,51.463833
-2.580581,51.463892
-2.543702,51.463907
-2.543702,51.463907
-2.543702,51.463907
-2.540722,51.46393
-2.540722,51.46393
-2.517791,51.463944
-2.593466,51.463971
-2.616354,51.463979
-2.616354,51.463979
-2.58162,51.464031
-2.58162,51.464031
-2.590833,51.464084
-2.590833,51.464084
-2.553924,51.464084
-2.553924,51.464084
-2.610526,51.4641
-2.610526,51.4641
-2.610526,51.4641
-2.610526,51.4641
-2.610526,51.4641
-2.610526,51.4641
-2.610526,51.4641
-2.610526,51.4641
-2.610526,51.4641
-2.587105,51.464129
-2.587105,51.464129
-2.587105,51.464129
-2.587105,51.464129
-2.587105,51.464129
-2.587105,51.464129
-2.587105,51.464129
-2.587105,51.464129
-2.584198,51.464135
-2.584198,51.464135
-2.584198,51.464135
-2.543575,51.464177
-2.606583,51.464201
-2.606583,51.464201
-2.578642,51.464216
-2.546484,51.464218
-2.546484,51.464218
-2.546484,51.464218
-2.546484,51.464218
-2.546484,51.464218
-2.612053,51.464236
-2.49518,51.464248
-2.49518,51.464248
-2.565932,51.464287
-2.48676,51.464337
-2.597012,51.464367
-2.582589,51.464386
-2.582589,51.464386
-2.582589,51.464386
-2.582589,51.464386
-2.582589,51.464386
-2.582589,51.464386
-2.582589,51.464386
-2.582589,51.464386
-2.506827,51.464387
-2.583496,51.464399
-2.583496,51.464399
-2.583496,51.464399
-2.586735,51.464419
-2.514242,51.464454
-2.560392,51.464467
-2.560392,51.464467
-2.560392,51.464467
-2.497788,51.464498
-2.568109,51.464502
-2.568109,51.464502
-2.568109,51.464502
-2.520691,51.464506
-2.496623,51.464548
-2.568815,51.464552
-2.568815,51.464552
-2.568815,51.464552
-2.568815,51.464552
-2.525904,51.464627
-2.525904,51.464627
-2.525904,51.464627
-2.595778,51.464634
-2.595778,51.464634
-2.595778,51.464634
-2.542617,51.464667
-2.542617,51.464667
-2.549699,51.464688
-2.549699,51.464688
-2.586019,51.464692
-2.586019,51.464692
-2.586019,51.464692
-2.586019,51.464692
-2.522752,51.464704
-2.59205,51.464707
-2.535953,51.464725
-2.610894,51.464727
-2.610894,51.464727
-2.594872,51.464729
-2.585588,51.464766
-2.794882,51.46482
-2.591361,51.464863
-2.591361,51.464863
-2.557231,51.464887
-2.613516,51.464893
-2.613516,51.464893
-2.606664,51.464902
-2.582538,51.464907
-2.582538,51.464907
-2.570907,51.464938
-2.570907,51.464938
-2.570907,51.464938
-2.490293,51.464943
-2.490293,51.464943
-2.490293,51.464943
-2.490293,51.464943
-2.490293,51.464943
-2.562082,51.464944
-2.562082,51.464944
-2.562082,51.464944
-2.562082,51.464944
-2.562082,51.464944
-2.562082,51.464944
-2.562082,51.464944
-2.58071,51.46497
-2.58071,51.46497
-2.58071,51.46497
-2.58071,51.46497
-2.609775,51.465003
-2.609775,51.465003
-2.609775,51.465003
-2.609775,51.465003
-2.534805,51.465036
-2.494944,51.46504
-2.569958,51.465041
-2.511053,51.465052
-2.618701,51.465082
-2.568677,51.465083
-2.559148,51.465093
-2.605156,51.465153
-2.605156,51.465153
-2.530516,51.465172
-2.614643,51.465202
-2.614643,51.465202
-2.543847,51.46521
-2.591064,51.465251
-2.588747,51.465272
-2.588747,51.465272
-2.588747,51.465272
-2.588747,51.465272
-2.588747,51.465272
-2.588747,51.465272
-2.588747,51.465272
-2.584486,51.465275
-2.584486,51.465275
-2.584486,51.465275
-2.584486,51.465275
-2.531223,51.465304
-2.531223,51.465304
-2.531223,51.465304
-2.531223,51.465304
-2.531223,51.465304
-2.593008,51.465305
-2.593008,51.465305
-2.512337,51.465307
-2.609592,51.465309
-2.609592,51.465309
-2.406819,51.465352
-2.533138,51.465358
-2.533138,51.465358
-2.564549,51.465373
-2.616171,51.465383
-2.616171,51.465383
-2.589527,51.465475
-2.589527,51.465475
-2.589527,51.465475
-2.589527,51.465475
-2.589527,51.465475
-2.558749,51.465491
-2.580559,51.465502
-2.580559,51.465502
-2.824607,51.465559
-2.579149,51.465599
-2.579149,51.465599
-2.599389,51.465605
-2.500896,51.465617
-2.585253,51.465622
-2.585253,51.465622
-2.585253,51.465622
-2.585253,51.465622
-2.585253,51.465622
-2.585253,51.465622
-2.585253,51.465622
-2.585253,51.465622
-2.585253,51.465622
-2.529557,51.465626
-2.586736,51.46566
-2.586736,51.46566
-2.54332,51.465716
-2.494664,51.465734
-2.494664,51.465734
-2.587198,51.465756
-2.587198,51.465756
-2.517481,51.46577
-2.607899,51.465777
-2.607899,51.465777
-2.5761,51.465784
-2.577755,51.465785
-2.564137,51.465807
-2.512501,51.465828
-2.557228,51.465831
-2.402476,51.465835
-2.574416,51.465865
-2.571998,51.465877
-2.571998,51.465877
-2.571998,51.465877
-2.570587,51.465883
-2.610176,51.465918
-2.610176,51.465918
-2.610176,51.465918
-2.5142,51.46592
-2.594139,51.465928
-2.594139,51.465928
-2.578362,51.465944
-2.578362,51.465944
-2.515626,51.465958
-2.515626,51.465958
-2.515626,51.465958
-2.515626,51.465958
-2.609515,51.466011
-2.609515,51.466011
-2.609515,51.466011
-2.591276,51.466024
-2.528756,51.466044
-2.579011,51.466085
-2.579011,51.466085
-2.56286,51.466092
-2.56977,51.466103
-2.56977,51.466103
-2.56977,51.466103
-2.56977,51.466103
-2.56977,51.466103
-2.56977,51.466103
-2.56977,51.466103
-2.56977,51.466103
-2.56977,51.466103
-2.56977,51.466103
-2.56977,51.466103
-2.526597,51.466107
-2.556483,51.466158
-2.506732,51.466168
-2.506732,51.466168
-2.604262,51.466173
-2.825914,51.466197
-2.589162,51.466232
-2.589162,51.466232
-2.589162,51.466232
-2.607301,51.466238
-2.531162,51.46624
-2.567353,51.466241
-2.567353,51.466241
-2.567353,51.466241
-2.528125,51.466271
-2.528125,51.466271
-2.528125,51.466271
-2.505423,51.466272
-2.505423,51.466272
-2.505423,51.466272
-2.566331,51.466273
-2.566331,51.466273
-2.566331,51.466273
-2.566331,51.466273
-2.566331,51.466273
-2.566331,51.466273
-2.589523,51.466275
-2.599197,51.46628
-2.530789,51.466322
-2.530789,51.466322
-2.530789,51.466322
-2.530789,51.466322
-2.530789,51.466322
-2.550223,51.466358
-2.535713,51.466426
-2.504144,51.466458
-2.490526,51.466462
-2.490526,51.466462
-2.490526,51.466462
-2.619641,51.466471
-2.582644,51.466489
-2.582644,51.466489
-2.582644,51.466489
-2.58027,51.466537
-2.58027,51.466537
-2.58027,51.466537
-2.58027,51.466537
-2.58027,51.466537
-2.58027,51.466537
-2.582084,51.466564
-2.582084,51.466564
-2.612344,51.466572
-2.56311,51.466585
-2.575836,51.466586
-2.581638,51.466629
-2.570324,51.466685
-2.616031,51.466714
-2.616031,51.466714
-2.616031,51.466714
-2.596467,51.466726
-2.596467,51.466726
-2.588982,51.466763
-2.588982,51.466763
-2.588982,51.466763
-2.588982,51.466763
-2.588982,51.466763
-2.588982,51.466763
-2.537445,51.466777
-2.537445,51.466777
-2.56926,51.466789
-2.56926,51.466789
-2.592423,51.466791
-2.545579,51.466794
-2.586147,51.466832
-2.586147,51.466832
-2.586147,51.466832
-2.592078,51.466856
-2.592078,51.466856
-2.592078,51.466856
-2.594972,51.466859
-2.594972,51.466859
-2.499945,51.466871
-2.499945,51.466871
-2.499945,51.466871
-2.499945,51.466871
-2.560033,51.466878
-2.502522,51.466887
-2.576243,51.46689
-2.564065,51.466958
-2.564065,51.466958
-2.556104,51.466969
-2.57469,51.467041
-2.613015,51.467243
-2.558282,51.467291
-2.584022,51.467292
-2.487871,51.467309
-2.500252,51.46732
-2.560068,51.467346
-2.494911,51.467351
-2.494911,51.467351
-2.499317,51.467378
-2.550121,51.467384
-2.492781,51.467387
-2.612686,51.467406
-2.597052,51.467415
-2.557161,51.467441
-2.557161,51.467441
-2.610643,51.467462
-2.574638,51.467464
-2.574638,51.467464
-2.579648,51.467493
-2.579648,51.467493
-2.578914,51.467524
-2.578914,51.467524
-2.575791,51.467539
-2.532588,51.467555
-2.532588,51.467555
-2.592174,51.467602
-2.592174,51.467602
-2.561381,51.467627
-2.519086,51.467642
-2.538377,51.467654
-2.565254,51.467672
-2.565254,51.467672
-2.565254,51.467672
-2.565254,51.467672
-2.593212,51.467677
-2.608745,51.467688
-2.608745,51.467688
-2.608745,51.467688
-2.509542,51.467693
-2.580601,51.467695
-2.580601,51.467695
-2.580601,51.467695
-2.580601,51.467695
-2.563801,51.467706
-2.55466,51.467794
-2.624411,51.467848
-2.624411,51.467848
-2.624411,51.467848
-2.624411,51.467848
-2.554042,51.467896
-2.581669,51.467915
-2.606978,51.467931
-2.568814,51.467942
-2.542296,51.467951
-2.579251,51.467954
-2.579251,51.467954
-2.552474,51.467993
-2.472633,51.468001
-2.503773,51.468042
-2.585817,51.468056
-2.585817,51.468056
-2.585817,51.468056
-2.585817,51.468056
-2.523294,51.468064
-2.592541,51.468112
-2.565548,51.46812
-2.487405,51.46812
-2.487405,51.46812
-2.487405,51.46812
-2.487405,51.46812
-2.615258,51.468139
-2.507488,51.468143
-2.507488,51.468143
-2.507488,51.468143
-2.507488,51.468143
-2.51473,51.468201
-2.51473,51.468201
-2.522519,51.468257
-2.564528,51.468269
-2.608091,51.468311
-2.608091,51.468311
-2.590601,51.468392
-2.535103,51.468398
-2.535103,51.468398
-2.600146,51.468451
-2.586211,51.468459
-2.571872,51.468494
-2.571872,51.468494
-2.571872,51.468494
-2.573356,51.468522
-2.492794,51.468529
-2.512143,51.468581
-2.592561,51.468589
-2.565352,51.468597
-2.55909,51.468609
-2.521026,51.468623
-2.502843,51.468639
-2.49887,51.468647
-2.612343,51.468667
-2.580153,51.468678
-2.580153,51.468678
-2.580153,51.468678
-2.580153,51.468678
-2.580153,51.468678
-2.557349,51.46869
-2.490319,51.468701
-2.496985,51.468745
-2.496985,51.468745
-2.589152,51.468768
-2.573993,51.468816
-2.573993,51.468816
-2.533222,51.468856
-2.533222,51.468856
-2.566378,51.468871
-2.566378,51.468871
-2.500975,51.468881
-2.548225,51.468948
-2.547578,51.469032
-2.631956,51.469048
-2.631956,51.469048
-2.5931,51.469072
-2.605137,51.469127
-2.617403,51.469198
-2.616698,51.469229
-2.583874,51.469262
-2.583874,51.469262
-2.56562,51.469279
-2.56562,51.469279
-2.56562,51.469279
-2.56562,51.469279
-2.56562,51.469279
-2.56562,51.469279
-2.56562,51.469279
-2.56562,51.469279
-2.56562,51.469279
-2.56562,51.469279
-2.613172,51.469292
-2.493983,51.469315
-2.593262,51.469331
-2.594241,51.469336
-2.594241,51.469336
-2.594241,51.469336
-2.594241,51.469336
-2.600504,51.46934
-2.576217,51.469363
-2.576217,51.469363
-2.576217,51.469363
-2.541492,51.469375
-2.560654,51.469393
-2.560654,51.469393
-2.559388,51.469417
-2.531862,51.469464
-2.564212,51.469502
-2.564212,51.469502
-2.564212,51.469502
-2.564212,51.469502
-2.539363,51.469502
-2.539363,51.469502
-2.614284,51.469511
-2.614284,51.469511
-2.492329,51.469511
-2.492329,51.469511
-2.492329,51.469511
-2.58038,51.46954
-2.496764,51.469609
-2.659073,51.469618
-2.659073,51.469618
-2.571743,51.469672
-2.573025,51.469693
-2.595758,51.469732
-2.582009,51.469766
-2.5085,51.46982
-2.5085,51.46982
-2.497184,51.46985
-2.572451,51.469858
-2.49933,51.469868
-2.593082,51.46989
-2.593082,51.46989
-2.593082,51.46989
-2.593082,51.46989
-2.611827,51.469901
-2.608156,51.46993
-2.571143,51.470017
-2.524065,51.470021
-2.524065,51.470021
-2.524065,51.470021
-2.561353,51.470046
-2.561353,51.470046
-2.561353,51.470046
-2.561353,51.470046
-2.561353,51.470046
-2.561353,51.470046
-2.561353,51.470046
-2.561353,51.470046
-2.615716,51.470052
-2.534244,51.470065
-2.530257,51.470092
-2.530257,51.470092
-2.530257,51.470092
-2.530257,51.470092
-2.549333,51.470112
-2.614594,51.470139
-2.573016,51.470143
-2.55112,51.470266
-2.593951,51.470299
-2.593951,51.470299
-2.593951,51.470299
-2.533988,51.4703
-2.453293,51.470325
-2.547939,51.470379
-2.593779,51.470381
-2.593779,51.470381
-2.593779,51.470381
-2.593779,51.470381
-2.593779,51.470381
-2.593779,51.470381
-2.593779,51.470381
-2.593779,51.470381
-2.593779,51.470381
-2.593779,51.470381
-2.593779,51.470381
-2.593779,51.470381
-2.593779,51.470381
-2.593779,51.470381
-2.593779,51.470381
-2.593779,51.470381
-2.593779,51.470381
-2.593779,51.470381
-2.558205,51.470385
-2.558205,51.470385
-2.52692,51.470386
-2.611632,51.470415
-2.591837,51.470472
-2.57603,51.470514
-2.57603,51.470514
-2.57603,51.470514
-2.57603,51.470514
-2.58808,51.470536
-2.58808,51.470536
-2.495868,51.470557
-2.564297,51.470598
-2.564297,51.470598
-2.564297,51.470598
-2.521711,51.470607
-2.497986,51.470746
-2.508381,51.470755
-2.485144,51.470782
-2.563191,51.470784
-2.563191,51.470784
-2.563191,51.470784
-2.563191,51.470784
-2.563191,51.470784
-2.574133,51.470829
-2.603849,51.470851
-2.582283,51.470879
-2.582283,51.470879
-2.598236,51.470943
-2.560198,51.47096
-2.560198,51.47096
-2.560198,51.47096
-2.49269,51.470984
-2.607479,51.471003
-2.607479,51.471003
-2.508284,51.471116
-2.585136,51.471117
-2.585136,51.471117
-2.515483,51.47112
-2.573273,51.471121
-2.565052,51.471134
-2.565052,51.471134
-2.565052,51.471134
-2.565052,51.471134
-2.558675,51.471156
-2.558675,51.471156
-2.558675,51.471156
-2.562476,51.471174
-2.606042,51.471181
-2.490087,51.471229
-2.490087,51.471229
-2.490087,51.471229
-2.510502,51.471232
-2.525505,51.471273
-2.525505,51.471273
-2.564277,51.471291
-2.564277,51.471291
-2.564277,51.471291
-2.564277,51.471291
-2.564277,51.471291
-2.564277,51.471291
-2.564277,51.471291
-2.564277,51.471291
-2.564277,51.471291
-2.564277,51.471291
-2.564277,51.471291
-2.575321,51.471381
-2.562291,51.47139
-2.547203,51.471435
-2.547203,51.471435
-2.547203,51.471435
-2.50692,51.47149
-2.593492,51.471533
-2.593492,51.471533
-2.593492,51.471533
-2.593492,51.471533
-2.592283,51.471566
-2.592283,51.471566
-2.592283,51.471566
-2.592283,51.471566
-2.555584,51.471566
-2.555584,51.471566
-2.577296,51.471569
-2.537113,51.471571
-2.537113,51.471571
-2.523666,51.471578
-2.547378,51.471614
-2.776918,51.471702
-2.52659,51.471754
-2.561319,51.471953
-2.561319,51.471953
-2.561319,51.471953
-2.561319,51.471953
-2.561319,51.471953
-2.561319,51.471953
-2.525169,51.472102
-2.525169,51.472102
-2.525169,51.472102
-2.525169,51.472102
-2.552438,51.472103
-2.521699,51.472109
-2.558499,51.472119
-2.558499,51.472119
-2.558499,51.472119
-2.558499,51.472119
-2.510412,51.472122
-2.532469,51.472123
-2.532469,51.472123
-2.591887,51.472126
-2.595718,51.472187
-2.591456,51.4722
-2.483446,51.472201
-2.590781,51.472302
-2.560748,51.472315
-2.631455,51.472387
-2.517513,51.472433
-2.498926,51.472468
-2.629124,51.472489
-2.553537,51.472529
-2.555711,51.472537
-2.555711,51.472537
-2.503635,51.472547
-2.585673,51.472553
-2.585673,51.472553
-2.551767,51.472564
-2.551767,51.472564
-2.551767,51.472564
-2.589618,51.472569
-2.599496,51.472609
-2.599496,51.472609
-2.599496,51.472609
-2.486172,51.472621
-2.529639,51.472657
-2.513326,51.472703
-2.513326,51.472703
-2.560206,51.472722
-2.593033,51.472776
-2.536897,51.472795
-2.536897,51.472795
-2.694554,51.472893
-2.509614,51.472899
-2.58277,51.472945
-2.58277,51.472945
-2.58277,51.472945
-2.512681,51.472949
-2.50089,51.472955
-2.548791,51.472956
-2.548791,51.472956
-2.554738,51.472973
-2.554738,51.472973
-2.595613,51.472988
-2.560484,51.473152
-2.560484,51.473152
-2.560484,51.473152
-2.560484,51.473152
-2.560484,51.473152
-2.589338,51.473173
-2.524735,51.473192
-2.59072,51.473193
-2.59072,51.473193
-2.59072,51.473193
-2.59072,51.473193
-2.552912,51.473224
-2.552912,51.473224
-2.552912,51.473224
-2.552912,51.473224
-2.552912,51.473224
-2.552912,51.473224
-2.552912,51.473224
-2.552912,51.473224
-2.552912,51.473224
-2.552912,51.473224
-2.642352,51.473245
-2.516745,51.473245
-2.516745,51.473245
-2.547183,51.473314
-2.61589,51.473378
-2.61589,51.473378
-2.485172,51.47338
-2.485172,51.47338
-2.485172,51.47338
-2.515206,51.473441
-2.530137,51.473464
-2.592855,51.47347
-2.52255,51.473525
-2.52255,51.473525
-2.52255,51.473525
-2.543456,51.473529
-2.483532,51.473558
-2.483532,51.473558
-2.57113,51.473587
-2.57113,51.473587
-2.56324,51.473607
-2.56324,51.473607
-2.56324,51.473607
-2.56324,51.473607
-2.56324,51.473607
-2.56324,51.473607
-2.56324,51.473607
-2.56324,51.473607
-2.56324,51.473607
-2.56324,51.473607
-2.56324,51.473607
-2.56324,51.473607
-2.56324,51.473607
-2.56324,51.473607
-2.56324,51.473607
-2.56324,51.473607
-2.559266,51.473608
-2.679447,51.473656
-2.679447,51.473656
-2.511091,51.473657
-2.626635,51.473681
-2.626635,51.473681
-2.626635,51.473681
-2.516651,51.473857
-2.516651,51.473857
-2.544958,51.473927
-2.535845,51.473942
-2.59528,51.473961
-2.59528,51.473961
-2.547738,51.473986
-2.547738,51.473986
-2.547738,51.473986
-2.547738,51.473986
-2.547738,51.473986
-2.557471,51.473994
-2.557471,51.473994
-2.557471,51.473994
-2.557471,51.473994
-2.557471,51.473994
-2.482616,51.474074
-2.482616,51.474074
-2.482616,51.474074
-2.480745,51.474091
-2.545897,51.474129
-2.545897,51.474129
-2.564053,51.474133
-2.564053,51.474133
-2.599343,51.474192
-2.495417,51.474192
-2.576436,51.474208
-2.514265,51.474218
-2.577747,51.474237
-2.577747,51.474237
-2.577747,51.474237
-2.549124,51.474321
-2.563494,51.474325
-2.558958,51.474329
-2.484491,51.474354
-2.526361,51.47439
-2.526361,51.47439
-2.505671,51.474391
-2.505671,51.474391
-2.7741,51.474508
-2.58577,51.474512
-2.58577,51.474512
-2.515492,51.474519
-2.515492,51.474519
-2.515492,51.474519
-2.591285,51.47453
-2.591285,51.47453
-2.591285,51.47453
-2.591285,51.47453
-2.591285,51.47453
-2.591285,51.47453
-2.630506,51.474532
-2.592178,51.474552
-2.592178,51.474552
-2.560329,51.474556
-2.560329,51.474556
-2.548667,51.474602
-2.569098,51.474612
-2.569098,51.474612
-2.569098,51.474612
-2.569098,51.474612
-2.504882,51.474655
-2.698642,51.47473
-2.595622,51.47475
-2.543184,51.474834
-2.543184,51.474834
-2.543184,51.474834
-2.543184,51.474834
-2.522133,51.47484
-2.522133,51.47484
-2.581009,51.474851
-2.518665,51.474963
-2.518665,51.474963
-2.518665,51.474963
-2.5906,51.474983
-2.5906,51.474983
-2.597453,51.474984
-2.597453,51.474984
-2.597453,51.474984
-2.566137,51.475022
-2.566137,51.475022
-2.566137,51.475022
-2.566137,51.475022
-2.59168,51.475058
-2.570702,51.475063
-2.596146,51.475242
-2.545262,51.475247
-2.540669,51.475251
-2.540669,51.475251
-2.611913,51.475269
-2.581303,51.475398
-2.490751,51.475434
-2.506734,51.475474
-2.506734,51.475474
-2.506734,51.475474
-2.506734,51.475474
-2.506734,51.475474
-2.506734,51.475474
-2.506734,51.475474
-2.582716,51.475499
-2.609066,51.475563
-2.609066,51.475563
-2.609066,51.475563
-2.606808,51.475709
-2.510135,51.475711
-2.510135,51.475711
-2.590048,51.475777
-2.684274,51.475795
-2.538963,51.475843
-2.700647,51.475905
-2.629474,51.475922
-2.68059,51.475933
-2.511333,51.475949
-2.511333,51.475949
-2.511333,51.475949
-2.511333,51.475949
-2.511333,51.475949
-2.543271,51.476093
-2.543271,51.476093
-2.543271,51.476093
-2.543271,51.476093
-2.543271,51.476093
-2.543271,51.476093
-2.543271,51.476093
-2.573249,51.476094
-2.573249,51.476094
-2.573249,51.476094
-2.573249,51.476094
-2.589837,51.476119
-2.589837,51.476119
-2.589837,51.476119
-2.589837,51.476119
-2.485849,51.476147
-2.719111,51.476216
-2.511782,51.476234
-2.507132,51.476327
-2.579891,51.476412
-2.579891,51.476412
-2.49203,51.476463
-2.607927,51.476549
-2.541894,51.476567
-2.509698,51.476585
-2.519763,51.476586
-2.519763,51.476586
-2.503579,51.476621
-2.537244,51.476624
-2.56574,51.476643
-2.51016,51.476646
-2.596942,51.476659
-2.499131,51.476712
-2.634829,51.476838
-2.611229,51.476855
-2.507931,51.476881
-2.762578,51.476894
-2.586751,51.476908
-2.586751,51.476908
-2.586751,51.476908
-2.586751,51.476908
-2.623728,51.476942
-2.623728,51.476942
-2.556197,51.476985
-2.556197,51.476985
-2.805535,51.477111
-2.538748,51.477148
-2.538748,51.477148
-2.593839,51.477169
-2.511044,51.477173
-2.511044,51.477173
-2.608973,51.4772
-2.608973,51.4772
-2.523788,51.477251
-2.588542,51.477295
-2.597772,51.477302
-2.689985,51.477344
-2.581012,51.477368
-2.581012,51.477368
-2.535079,51.477434
-2.707943,51.477507
-2.707943,51.477507
-2.707943,51.477507
-2.707943,51.477507
-2.707943,51.477507
-2.682514,51.477532
-2.541099,51.477532
-2.806854,51.477578
-2.508788,51.477614
-2.508788,51.477614
-2.523275,51.477676
-2.523275,51.477676
-2.534738,51.477768
-2.534738,51.477768
-2.533802,51.477791
-2.589313,51.477947
-2.793009,51.477996
-2.53922,51.478108
-2.53922,51.478108
-2.606321,51.47813
-2.612225,51.478136
-2.612225,51.478136
-2.506779,51.478189
-2.764041,51.478225
-2.764041,51.478225
-2.514886,51.478244
-2.514886,51.478244
-2.538071,51.478428
-2.587635,51.478486
-2.754642,51.478501
-2.754642,51.478501
-2.754642,51.478501
-2.53646,51.478543
-2.53646,51.478543
-2.53646,51.478543
-2.53646,51.478543
-2.53646,51.478543
-2.53646,51.478543
-2.53646,51.478543
-2.53646,51.478543
-2.53646,51.478543
-2.504062,51.478588
-2.504062,51.478588
-2.504062,51.478588
-2.504062,51.478588
-2.609711,51.478589
-2.609711,51.478589
-2.609711,51.478589
-2.609711,51.478589
-2.560235,51.478629
-2.593397,51.478646
-2.577587,51.478662
-2.554763,51.478664
-2.49849,51.478702
-2.511091,51.478764
-2.511091,51.478764
-2.761717,51.478797
-2.761717,51.478797
-2.615187,51.478875
-2.534189,51.478877
-2.534189,51.478877
-2.534189,51.478877
-2.583941,51.478945
-2.685214,51.478955
-2.495167,51.478958
-2.631043,51.479034
-2.527164,51.479035
-2.521951,51.47904
-2.521951,51.47904
-2.521951,51.47904
-2.529396,51.479043
-2.529396,51.479043
-2.590538,51.47911
-2.608984,51.479115
-2.608984,51.479115
-2.37807,51.479125
-2.531327,51.479187
-2.531327,51.479187
-2.531327,51.479187
-2.531327,51.479187
-2.531327,51.479187
-2.531327,51.479187
-2.531327,51.479187
-2.531327,51.479187
-2.531327,51.479187
-2.531327,51.479187
-2.531327,51.479187
-2.531327,51.479187
-2.531327,51.479187
-2.531327,51.479187
-2.531327,51.479187
-2.531327,51.479187
-2.531327,51.479187
-2.531327,51.479187
-2.531327,51.479187
-2.531327,51.479187
-2.531327,51.479187
-2.599553,51.47919
-2.599553,51.47919
-2.487783,51.479223
-2.487783,51.479223
-2.487783,51.479223
-2.487783,51.479223
-2.487783,51.479223
-2.487783,51.479223
-2.697285,51.479243
-2.636749,51.479273
-2.684369,51.479274
-2.684369,51.479274
-2.684369,51.479274
-2.684369,51.479274
-2.540689,51.479396
-2.540689,51.479396
-2.589059,51.479468
-2.519407,51.479492
-2.601991,51.479555
-2.772546,51.479635
-2.53054,51.479649
-2.588169,51.479662
-2.588169,51.479662
-2.493663,51.47972
-2.512153,51.479749
-2.528627,51.479801
-2.528627,51.479801
-2.528627,51.479801
-2.499914,51.479828
-2.499914,51.479828
-2.517539,51.479833
-2.517539,51.479833
-2.517539,51.479833
-2.517539,51.479833
-2.517539,51.479833
-2.517539,51.479833
-2.517539,51.479833
-2.632638,51.479844
-2.690671,51.479912
-2.504782,51.479924
-2.509693,51.479939
-2.526397,51.479964
-2.515079,51.480014
-2.579822,51.480027
-2.685806,51.48003
-2.686598,51.480035
-2.686598,51.480035
-2.686598,51.480035
-2.686598,51.480035
-2.530675,51.480062
-2.530675,51.480062
-2.530675,51.480062
-2.511984,51.480064
-2.777377,51.48007
-2.777377,51.48007
-2.685318,51.480114
-2.534175,51.480136
-2.534175,51.480136
-2.591487,51.480139
-2.522338,51.48018
-2.77401,51.4802
-2.77401,51.4802
-2.495022,51.4802
-2.79394,51.48022
-2.607156,51.48023
-2.583296,51.480342
-2.514003,51.48037
-2.612241,51.480393
-2.612241,51.480393
-2.612241,51.480393
-2.757913,51.480395
-2.509295,51.480435
-2.509295,51.480435
-2.509295,51.480435
-2.509295,51.480435
-2.509295,51.480435
-2.509295,51.480435
-2.581872,51.480475
-2.601917,51.480482
-2.547989,51.480495
-2.547989,51.480495
-2.686678,51.480547
-2.608183,51.480602
-2.590672,51.48062
-2.590672,51.48062
-2.590672,51.48062
-2.620942,51.480625
-2.768257,51.480643
-2.503724,51.480657
-2.503724,51.480657
-2.503724,51.480657
-2.503724,51.480657
-2.503724,51.480657
-2.534757,51.480682
-2.518673,51.48079
-2.753557,51.480819
-2.587306,51.480835
-2.685012,51.480862
-2.765381,51.480895
-2.686238,51.48099
-2.686238,51.48099
-2.503584,51.480991
-2.503584,51.480991
-2.614913,51.481008
-2.530484,51.481025
-2.530484,51.481025
-2.633706,51.481043
-2.633706,51.481043
-2.528973,51.481059
-2.528973,51.481059
-2.528973,51.481059
-2.528973,51.481059
-2.528973,51.481059
-2.528973,51.481059
-2.528973,51.481059
-2.528973,51.481059
-2.528973,51.481059
-2.484736,51.481169
-2.484736,51.481169
-2.484736,51.481169
-2.453963,51.481175
-2.493132,51.481224
-2.493132,51.481224
-2.609978,51.481276
-2.62942,51.481381
-2.768717,51.481449
-2.768717,51.481449
-2.768717,51.481449
-2.768717,51.481449
-2.537186,51.481498
-2.582146,51.481598
-2.514233,51.481619
-2.543624,51.481621
-2.504772,51.481624
-2.546937,51.481642
-2.519778,51.481648
-2.519778,51.481648
-2.77032,51.48169
-2.53752,51.481712
-2.685298,51.481715
-2.685298,51.481715
-2.685298,51.481715
-2.544188,51.481771
-2.545959,51.48179
-2.785586,51.481805
-2.586829,51.481844
-2.525828,51.481864
-2.525828,51.481864
-2.525828,51.481864
-2.525828,51.481864
-2.509412,51.481927
-2.509412,51.481927
-2.509412,51.481927
-2.432643,51.48193
-2.432643,51.48193
-2.774615,51.481932
-2.611629,51.481987
-2.611629,51.481987
-2.611629,51.481987
-2.788082,51.482049
-2.788082,51.482049
-2.757754,51.482078
-2.476494,51.482102
-2.476494,51.482102
-2.476494,51.482102
-2.525399,51.482109
-2.645127,51.482122
-2.645127,51.482122
-2.50763,51.482214
-2.50763,51.482214
-2.50763,51.482214
-2.50763,51.482214
-2.468763,51.482223
-2.539456,51.482234
-2.77606,51.482237
-2.543373,51.482243
-2.543373,51.482243
-2.509359,51.482314
-2.509359,51.482314
-2.528181,51.48233
-2.528181,51.48233
-2.54817,51.482364
-2.780253,51.48238
-2.783033,51.482388
-2.583337,51.482419
-2.781003,51.48242
-2.786029,51.482431
-2.572566,51.482481
-2.572566,51.482481
-2.533757,51.482574
-2.586709,51.482582
-2.586709,51.482582
-2.586709,51.482582
-2.586709,51.482582
-2.586709,51.482582
-2.432361,51.482624
-2.547179,51.482629
-2.547179,51.482629
-2.767255,51.48269
-2.767255,51.48269
-2.767255,51.48269
-2.767255,51.48269
-2.779395,51.482727
-2.779395,51.482727
-2.779395,51.482727
-2.556094,51.482731
-2.556094,51.482731
-2.541593,51.482763
-2.541593,51.482763
-2.760747,51.482769
-2.760747,51.482769
-2.760747,51.482769
-2.481514,51.482882
-2.649414,51.48289
-2.579714,51.482905
-2.579714,51.482905
-2.532969,51.482956
-2.485216,51.482983
-2.605608,51.483017
-2.588862,51.483129
-2.52017,51.483193
-2.529575,51.483313
-2.522619,51.483344
-2.498325,51.48336
-2.498325,51.48336
-2.538087,51.483382
-2.538087,51.483382
-2.538087,51.483382
-2.587915,51.483412
-2.587915,51.483412
-2.587915,51.483412
-2.587915,51.483412
-2.754651,51.48342
-2.48355,51.483422
-2.769341,51.483423
-2.769341,51.483423
-2.769341,51.483423
-2.508148,51.483471
-2.674596,51.483476
-2.773519,51.483513
-2.773519,51.483513
-2.528641,51.483515
-2.777421,51.483523
-2.689718,51.483523
-2.585137,51.483534
-2.614717,51.483554
-2.531248,51.483584
-2.531248,51.483584
-2.759306,51.483614
-2.581351,51.483634
-2.482041,51.483644
-2.501425,51.48367
-2.632404,51.483747
-2.768266,51.483772
-2.768266,51.483772
-2.492396,51.483772
-2.428974,51.483796
-2.557246,51.483859
-2.557246,51.483859
-2.591881,51.483887
-2.591881,51.483887
-2.591881,51.483887
-2.637029,51.483911
-2.737955,51.483976
-2.737955,51.483976
-2.737955,51.483976
-2.438481,51.484022
-2.649445,51.484023
-2.649445,51.484023
-2.649445,51.484023
-2.476342,51.484027
-2.649143,51.484051
-2.649143,51.484051
-2.670428,51.484075
-2.585043,51.484083
-2.61651,51.484102
-2.525279,51.484159
-2.466767,51.484191
-2.599547,51.484217
-2.502799,51.484222
-2.778788,51.484296
-2.579517,51.48438
-2.579517,51.48438
-2.56719,51.484414
-2.679204,51.484448
-2.504357,51.484458
-2.551493,51.484524
-2.64614,51.484545
-2.64614,51.484545
-2.768107,51.484546
-2.669615,51.484557
-2.497647,51.484577
-2.497647,51.484577
-2.618533,51.484595
-2.618533,51.484595
-2.517421,51.484626
-2.517421,51.484626
-2.517421,51.484626
-2.48604,51.484661
-2.764653,51.484686
-2.764653,51.484686
-2.764653,51.484686
-2.764653,51.484686
-2.498642,51.484707
-2.492248,51.484725
-2.492248,51.484725
-2.492248,51.484725
-2.676732,51.484741
-2.676732,51.484741
-2.648708,51.484827
-2.475732,51.484955
-2.478123,51.484964
-2.478123,51.484964
-2.772406,51.484977
-2.772406,51.484977
-2.586596,51.484983
-2.586596,51.484983
-2.542973,51.484987
-2.542973,51.484987
-2.755861,51.485174
-2.755861,51.485174
-2.755861,51.485174
-2.755861,51.485174
-2.755861,51.485174
-2.608979,51.485211
-2.769085,51.485322
-2.769085,51.485322
-2.645605,51.485384
-2.584758,51.485406
-2.767531,51.485413
-2.612136,51.485428
-2.612136,51.485428
-2.612136,51.485428
-2.612136,51.485428
-2.649854,51.48545
-2.586544,51.48546
-2.586544,51.48546
-2.505261,51.48547
-2.577803,51.485495
-2.502152,51.485618
-2.772749,51.485676
-2.772749,51.485676
-2.511716,51.485712
-2.580802,51.485813
-2.605919,51.48582
-2.765926,51.485909
-2.765926,51.485909
-2.678477,51.485917
-2.77585,51.485997
-2.641451,51.486009
-2.641451,51.486009
-2.641451,51.486009
-2.641451,51.486009
-2.641451,51.486009
-2.641451,51.486009
-2.641451,51.486009
-2.641451,51.486009
-2.546932,51.486029
-2.673555,51.486108
-2.749684,51.486122
-2.749684,51.486122
-2.551658,51.486205
-2.506997,51.486209
-2.506997,51.486209
-2.506997,51.486209
-2.523863,51.486279
-2.523863,51.486279
-2.523863,51.486279
-2.523863,51.486279
-2.523863,51.486279
-2.586699,51.486287
-2.762102,51.486348
-2.762102,51.486348
-2.386296,51.486354
-2.56455,51.486404
-2.510038,51.486421
-2.510038,51.486421
-2.574905,51.486426
-2.645562,51.486454
-2.611645,51.486456
-2.526904,51.486472
-2.518177,51.486556
-2.518177,51.486556
-2.754446,51.486658
-2.754446,51.486658
-2.515284,51.486676
-2.515284,51.486676
-2.515284,51.486676
-2.515284,51.486676
-2.613175,51.4867
-2.519491,51.486811
-2.519491,51.486811
-2.520182,51.486817
-2.520182,51.486817
-2.520182,51.486817
-2.564426,51.486891
-2.751684,51.486892
-2.646764,51.486924
-2.646764,51.486924
-2.489247,51.486932
-2.56362,51.486939
-2.527255,51.486947
-2.520647,51.487183
-2.520647,51.487183
-2.603331,51.4872
-2.61772,51.487287
-2.47495,51.487287
-2.6805,51.487317
-2.677101,51.487319
-2.770069,51.48733
-2.568954,51.487336
-2.58641,51.487385
-2.58641,51.487385
-2.549498,51.487447
-2.549498,51.487447
-2.775198,51.487449
-2.517568,51.487494
-2.517568,51.487494
-2.517568,51.487494
-2.517568,51.487494
-2.517568,51.487494
-2.508452,51.487506
-2.508452,51.487506
-2.486748,51.487554
-2.622636,51.487657
-2.566193,51.487673
-2.677611,51.487712
-2.432424,51.48774
-2.520582,51.487813
-2.520582,51.487813
-2.505503,51.487843
-2.536801,51.487929
-2.624873,51.487969
-2.624873,51.487969
-2.624873,51.487969
-2.624873,51.487969
-2.624873,51.487969
-2.624873,51.487969
-2.624873,51.487969
-2.624873,51.487969
-2.624873,51.487969
-2.624873,51.487969
-2.624873,51.487969
-2.624873,51.487969
-2.624873,51.487969
-2.514248,51.488093
-2.514824,51.488099
-2.754858,51.488112
-2.754858,51.488112
-2.754858,51.488112
-2.754858,51.488112
-2.754858,51.488112
-2.754858,51.488112
-2.602148,51.488151
-2.477796,51.488157
-2.483802,51.488168
-2.644175,51.488197
-2.644175,51.488197
-2.644175,51.488197
-2.585629,51.488234
-2.609149,51.488267
-2.504212,51.488289
-2.504212,51.488289
-2.504212,51.488289
-2.504212,51.488289
-2.504212,51.488289
-2.504212,51.488289
-2.504212,51.488289
-2.504212,51.488289
-2.504212,51.488289
-2.504212,51.488289
-2.583974,51.488296
-2.541086,51.48861
-2.771027,51.488618
-2.771027,51.488618
-2.497821,51.488631
-2.490188,51.488708
-2.490188,51.488708
-2.575165,51.488763
-2.575165,51.488763
-2.541751,51.488796
-2.491947,51.488854
-2.676505,51.48886
-2.676505,51.48886
-2.676505,51.48886
-2.625389,51.488874
-2.75431,51.488934
-2.601829,51.489078
-2.519099,51.489105
-2.519099,51.489105
-2.591733,51.489121
-2.591733,51.489121
-2.678251,51.489129
-2.678251,51.489129
-2.678251,51.489129
-2.678251,51.489129
-2.678251,51.489129
-2.678251,51.489129
-2.758663,51.489139
-2.438386,51.489156
-2.67324,51.489167
-2.621044,51.489176
-2.501688,51.489316
-2.501688,51.489316
-2.769253,51.489331
-2.539712,51.489336
-2.539712,51.489336
-2.539712,51.489336
-2.539712,51.489336
-2.600033,51.489402
-2.574885,51.48942
-2.683182,51.489433
-2.647693,51.489445
-2.565063,51.489486
-2.565063,51.489486
-2.565063,51.489486
-2.519997,51.489506
-2.504831,51.489536
-2.673908,51.489558
-2.720272,51.489561
-2.677192,51.489584
-2.677192,51.489584
-2.677192,51.489584
-2.677192,51.489584
-2.677192,51.489584
-2.677192,51.489584
-2.677192,51.489584
-2.677192,51.489584
-2.677192,51.489584
-2.677192,51.489584
-2.677192,51.489584
-2.645117,51.489594
-2.574701,51.489619
-2.536893,51.489628
-2.652968,51.489695
-2.616917,51.489701
-2.616917,51.489701
-2.682006,51.489763
-2.670282,51.489786
-2.650449,51.489808
-2.650449,51.489808
-2.650449,51.489808
-2.762549,51.489825
-2.511792,51.489947
-2.59585,51.490026
-2.685078,51.490042
-2.75276,51.490122
-2.75276,51.490122
-2.75276,51.490122
-2.385421,51.490133
-2.492062,51.490139
-2.676797,51.490153
-2.676797,51.490153
-2.484241,51.49019
-2.498026,51.490303
-2.573241,51.490346
-2.573241,51.490346
-2.499064,51.490352
-2.567264,51.490429
-2.567264,51.490429
-2.592974,51.490436
-2.756165,51.490495
-2.77286,51.490566
-2.77286,51.490566
-2.564069,51.490597
-2.564069,51.490597
-2.564069,51.490597
-2.564069,51.490597
-2.675652,51.490609
-2.598005,51.490716
-2.595326,51.490739
-2.595326,51.490739
-2.591178,51.490742
-2.679932,51.490773
-2.755968,51.490775
-2.755968,51.490775
-2.614325,51.490776
-2.596091,51.490834
-2.590517,51.490853
-2.590517,51.490853
-2.590517,51.490853
-2.590517,51.490853
-2.674878,51.490884
-2.674878,51.490884
-2.681405,51.491044
-2.681405,51.491044
-2.681405,51.491044
-2.618146,51.49108
-2.589411,51.491093
-2.597996,51.49113
-2.565848,51.491227
-2.68462,51.491232
-2.485708,51.491343
-2.485708,51.491343
-2.475813,51.491357
-2.475813,51.491357
-2.475813,51.491357
-2.475813,51.491357
-2.475813,51.491357
-2.475813,51.491357
-2.475813,51.491357
-2.586491,51.491404
-2.67624,51.491415
-2.644062,51.491417
-2.686266,51.491465
-2.686266,51.491465
-2.764091,51.491577
-2.681126,51.491594
-2.567005,51.491599
-2.567005,51.491599
-2.567005,51.491599
-2.614235,51.491631
-2.583283,51.491717
-2.583283,51.491717
-2.585717,51.491732
-2.67528,51.491762
-2.67528,51.491762
-2.589967,51.491782
-2.589967,51.491782
-2.589967,51.491782
-2.589967,51.491782
-2.57372,51.491791
-2.563277,51.491797
-2.563277,51.491797
-2.563277,51.491797
-2.563277,51.491797
-2.563277,51.491797
-2.649786,51.491817
-2.681131,51.491971
-2.678409,51.492014
-2.616848,51.492075
-2.59144,51.492089
-2.59144,51.492089
-2.59144,51.492089
-2.59144,51.492089
-2.59144,51.492089
-2.594048,51.492157
-2.594048,51.492157
-2.594048,51.492157
-2.594048,51.492157
-2.758829,51.492178
-2.488584,51.492186
-2.574589,51.492218
-2.572616,51.492264
-2.576248,51.492399
-2.56595,51.492431
-2.616408,51.492545
-2.68284,51.492582
-2.68284,51.492582
-2.561616,51.492587
-2.476331,51.492668
-2.476331,51.492668
-2.476331,51.492668
-2.63502,51.49268
-2.758708,51.492691
-2.758708,51.492691
-2.647624,51.492719
-2.687668,51.492742
-2.575892,51.49276
-2.645897,51.4928
-2.562671,51.492869
-2.602788,51.492994
-2.581874,51.493054
-2.581874,51.493054
-2.581874,51.493054
-2.633253,51.493058
-2.683625,51.493063
-2.588342,51.493094
-2.511467,51.493095
-2.618664,51.49319
-2.638254,51.493202
-2.609806,51.493272
-2.649706,51.493283
-2.649706,51.493283
-2.571506,51.493303
-2.619732,51.493319
-2.619732,51.493319
-2.614489,51.493347
-2.614489,51.493347
-2.614489,51.493347
-2.586345,51.4935
-2.586345,51.4935
-2.577948,51.493532
-2.684424,51.493535
-2.595997,51.493568
-2.595997,51.493568
-2.595997,51.493568
-2.595997,51.493568
-2.603055,51.493586
-2.603055,51.493586
-2.603055,51.493586
-2.603055,51.493586
-2.603055,51.493586
-2.545553,51.493589
-2.545553,51.493589
-2.475002,51.49368
-2.475002,51.49368
-2.475002,51.49368
-2.475002,51.49368
-2.475002,51.49368
-2.475002,51.49368
-2.432006,51.49373
-2.685565,51.493753
-2.685565,51.493753
-2.513059,51.493771
-2.493758,51.4938
-2.564902,51.493875
-2.563461,51.493891
-2.563461,51.493891
-2.499622,51.493937
-2.690524,51.493957
-2.608131,51.494027
-2.608131,51.494027
-2.678239,51.494092
-2.580475,51.494095
-2.667925,51.494115
-2.667925,51.494115
-2.649589,51.494128
-2.583876,51.494204
-2.583876,51.494204
-2.583876,51.494204
-2.618563,51.494233
-2.618563,51.494233
-2.494569,51.494247
-2.57378,51.494281
-2.684551,51.494289
-2.58624,51.494336
-2.564764,51.494379
-2.661534,51.494385
-2.525814,51.494389
-2.50281,51.494391
-2.50281,51.494391
-2.530453,51.494467
-2.510546,51.494493
-2.571204,51.494501
-2.666649,51.494527
-2.666649,51.494527
-2.578234,51.494556
-2.580193,51.494573
-2.562562,51.494578
-2.562562,51.494578
-2.528611,51.494602
-2.609623,51.494631
-2.638951,51.494672
-2.677053,51.494782
-2.677053,51.494782
-2.58155,51.494791
-2.57563,51.49483
-2.678207,51.494839
-2.587803,51.49485
-2.68119,51.494938
-2.68119,51.494938
-2.679966,51.494963
-2.679966,51.494963
-2.679966,51.494963
-2.622851,51.494993
-2.622851,51.494993
-2.602642,51.495063
-2.570664,51.495106
-2.648408,51.495151
-2.596421,51.495193
-2.532766,51.495194
-2.67402,51.495204
-2.67402,51.495204
-2.67402,51.495204
-2.573029,51.495256
-2.664067,51.495261
-2.664067,51.495261
-2.672755,51.495374
-2.488315,51.495388
-2.543328,51.495451
-2.598168,51.495508
-2.598168,51.495508
-2.641873,51.49552
-2.641873,51.49552
-2.507245,51.495532
-2.620626,51.495544
-2.620626,51.495544
-2.620741,51.495553
-2.66946,51.495599
-2.66946,51.495599
-2.571852,51.495603
-2.571852,51.495603
-2.512995,51.495741
-2.619592,51.495765
-2.48806,51.495784
-2.573915,51.495845
-2.573915,51.495845
-2.573915,51.495845
-2.573915,51.495845
-2.671884,51.495873
-2.570573,51.495897
-2.578857,51.495929
-2.615072,51.496014
-2.577347,51.496179
-2.577347,51.496179
-2.577347,51.496179
-2.547256,51.496305
-2.648512,51.496427
-2.604303,51.49643
-2.612932,51.496484
-2.612932,51.496484
-2.494507,51.496495
-2.691254,51.496507
-2.661349,51.496553
-2.646584,51.496555
-2.646584,51.496555
-2.593846,51.496564
-2.593846,51.496564
-2.593846,51.496564
-2.593846,51.496564
-2.545705,51.496627
-2.545705,51.496627
-2.545705,51.496627
-2.571216,51.496632
-2.556178,51.496713
-2.556178,51.496713
-2.556178,51.496713
-2.556178,51.496713
-2.556178,51.496713
-2.669318,51.49676
-2.669318,51.49676
-2.580971,51.496817
-2.580971,51.496817
-2.580971,51.496817
-2.580971,51.496817
-2.580971,51.496817
-2.580971,51.496817
-2.580971,51.496817
-2.580971,51.496817
-2.580971,51.496817
-2.580971,51.496817
-2.670559,51.496888
-2.483477,51.496927
-2.483477,51.496927
-2.483477,51.496927
-2.615531,51.496956
-2.573208,51.496964
-2.573208,51.496964
-2.593205,51.49708
-2.593205,51.49708
-2.593205,51.49708
-2.593205,51.49708
-2.593205,51.49708
-2.593205,51.49708
-2.570732,51.497101
-2.570732,51.497101
-2.570732,51.497101
-2.570732,51.497101
-2.57661,51.497154
-2.645976,51.497358
-2.645976,51.497358
-2.645976,51.497358
-2.596998,51.497465
-2.596998,51.497465
-2.528356,51.497471
-2.642275,51.497478
-2.549605,51.497562
-2.549605,51.497562
-2.549605,51.497562
-2.549605,51.497562
-2.614747,51.497571
-2.486841,51.497588
-2.589855,51.497618
-2.57133,51.497647
-2.662013,51.497656
-2.621361,51.497662
-2.660271,51.497683
-2.660271,51.497683
-2.660271,51.497683
-2.574329,51.497875
-2.600418,51.497897
-2.600418,51.497897
-2.694214,51.497955
-2.616065,51.498077
-2.597469,51.498182
-2.597469,51.498182
-2.597469,51.498182
-2.601964,51.498231
-2.601964,51.498231
-2.573398,51.498311
-2.573398,51.498311
-2.573398,51.498311
-2.573398,51.498311
-2.573398,51.498311
-2.577864,51.498334
-2.570345,51.498344
-2.570345,51.498344
-2.570345,51.498344
-2.610552,51.498384
-2.610552,51.498384
-2.610552,51.498384
-2.662788,51.498407
-2.662788,51.498407
-2.662788,51.498407
-2.662788,51.498407
-2.662788,51.498407
-2.662788,51.498407
-2.662788,51.498407
-2.662788,51.498407
-2.662788,51.498407
-2.695101,51.498471
-2.695101,51.498471
-2.614316,51.49868
-2.596194,51.498746
-2.573015,51.498754
-2.573015,51.498754
-2.664709,51.4988
-2.588676,51.498883
-2.588676,51.498883
-2.570122,51.498966
-2.570122,51.498966
-2.570122,51.498966
-2.573119,51.498987
-2.573119,51.498987
-2.695254,51.499064
-2.695254,51.499064
-2.695254,51.499064
-2.695254,51.499064
-2.575354,51.499174
-2.560012,51.499185
-2.560012,51.499185
-2.560012,51.499185
-2.694953,51.499191
-2.694953,51.499191
-2.694953,51.499191
-2.694953,51.499191
-2.694953,51.499191
-2.61438,51.499201
-2.568844,51.499341
-2.599875,51.499348
-2.697491,51.499356
-2.602715,51.49945
-2.602715,51.49945
-2.561687,51.499501
-2.561687,51.499501
-2.561687,51.499501
-2.561687,51.499501
-2.561687,51.499501
-2.561687,51.499501
-2.561687,51.499501
-2.561687,51.499501
-2.500172,51.499519
-2.500172,51.499519
-2.573704,51.499695
-2.573704,51.499695
-2.508286,51.499799
-2.569037,51.499807
-2.499024,51.499874
-2.561028,51.499882
-2.561028,51.499882
-2.561028,51.499882
-2.570149,51.499955
-2.592696,51.500077
-2.592696,51.500077
-2.700457,51.500139
-2.700457,51.500139
-2.567947,51.500145
-2.54749,51.500207
-2.54749,51.500207
-2.54749,51.500207
-2.54749,51.500207
-2.54749,51.500207
-2.54749,51.500207
-2.54749,51.500207
-2.54749,51.500207
-2.54749,51.500207
-2.54749,51.500207
-2.54749,51.500207
-2.54749,51.500207
-2.54749,51.500207
-2.54749,51.500207
-2.54749,51.500207
-2.54749,51.500207
-2.54749,51.500207
-2.54749,51.500207
-2.661301,51.500222
-2.497703,51.500258
-2.59571,51.500277
-2.574922,51.500309
-2.574922,51.500309
-2.574922,51.500309
-2.574922,51.500309
-2.518463,51.500338
-2.701556,51.50042
-2.701556,51.50042
-2.596878,51.500424
-2.505715,51.50043
-2.505715,51.50043
-2.505715,51.50043
-2.505715,51.50043
-2.579376,51.500548
-2.579376,51.500548
-2.602427,51.500558
-2.602427,51.500558
-2.602427,51.500558
-2.602427,51.500558
-2.665052,51.500588
-2.665052,51.500588
-2.665052,51.500588
-2.592112,51.50061
-2.516162,51.500663
-2.569568,51.50074
-2.569568,51.50074
-2.569568,51.50074
-2.569568,51.50074
-2.700654,51.500758
-2.503788,51.50078
-2.657708,51.500827
-2.659323,51.500926
-2.636921,51.500933
-2.662148,51.500973
-2.508271,51.501031
-2.601771,51.501064
-2.601771,51.501064
-2.701581,51.501094
-2.701581,51.501094
-2.701581,51.501094
-2.60945,51.501115
-2.660162,51.501128
-2.655841,51.501197
-2.655841,51.501197
-2.609034,51.501216
-2.579241,51.501223
-2.589945,51.501241
-2.522824,51.501263
-2.522824,51.501263
-2.591848,51.501349
-2.657414,51.501413
-2.568424,51.501429
-2.659086,51.501431
-2.659086,51.501431
-2.659086,51.501431
-2.659086,51.501431
-2.659086,51.501431
-2.659086,51.501431
-2.598246,51.501478
-2.598246,51.501478
-2.598246,51.501478
-2.598246,51.501478
-2.598246,51.501478
-2.649953,51.501527
-2.52483,51.501533
-2.653225,51.501607
-2.480444,51.501624
-2.697699,51.50163
-2.697699,51.50163
-2.699788,51.501635
-2.571798,51.501709
-2.520972,51.501775
-2.520972,51.501775
-2.520972,51.501775
-2.605211,51.501901
-2.605211,51.501901
-2.605211,51.501901
-2.605211,51.501901
-2.605211,51.501901
-2.605211,51.501901
-2.605211,51.501901
-2.605211,51.501901
-2.605211,51.501901
-2.605211,51.501901
-2.605211,51.501901
-2.605211,51.501901
-2.519418,51.501917
-2.701694,51.50193
-2.600644,51.501951
-2.698886,51.502
-2.611422,51.502067
-2.690359,51.502105
-2.661416,51.502191
-2.661416,51.502191
-2.661416,51.502191
-2.678129,51.502257
-2.657527,51.502258
-2.624724,51.502383
-2.596847,51.502393
-2.596847,51.502393
-2.596847,51.502393
-2.596847,51.502393
-2.593994,51.502399
-2.506514,51.502414
-2.506514,51.502414
-2.599081,51.502517
-2.599081,51.502517
-2.599081,51.502517
-2.599081,51.502517
-2.608635,51.502647
-2.500467,51.502754
-2.500467,51.502754
-2.60335,51.502846
-2.683772,51.502863
-2.697087,51.503081
-2.60213,51.503158
-2.60213,51.503158
-2.60213,51.503158
-2.60213,51.503158
-2.60213,51.503158
-2.60213,51.503158
-2.657109,51.503204
-2.657109,51.503204
-2.657109,51.503204
-2.657109,51.503204
-2.657109,51.503204
-2.657109,51.503204
-2.657109,51.503204
-2.5968,51.503212
-2.590533,51.503226
-2.60337,51.503259
-2.60337,51.503259
-2.60337,51.503259
-2.569556,51.503275
-2.622851,51.503427
-2.570898,51.503458
-2.543885,51.503496
-2.603042,51.503549
-2.603042,51.503549
-2.603042,51.503549
-2.522851,51.503574
-2.590293,51.503667
-2.590293,51.503667
-2.590293,51.503667
-2.644624,51.503669
-2.644624,51.503669
-2.597369,51.503802
-2.597369,51.503802
-2.60273,51.503883
-2.653373,51.503899
-2.573052,51.504032
-2.573052,51.504032
-2.627066,51.504034
-2.627066,51.504034
-2.627066,51.504034
-2.651589,51.504098
-2.651589,51.504098
-2.619086,51.504148
-2.608728,51.504212
-2.608728,51.504212
-2.594234,51.504268
-2.594234,51.504268
-2.641694,51.504314
-2.644475,51.504317
-2.596152,51.504393
-2.491755,51.504464
-2.491755,51.504464
-2.491755,51.504464
-2.491755,51.504464
-2.491755,51.504464
-2.491755,51.504464
-2.606341,51.504566
-2.606341,51.504566
-2.606341,51.504566
-2.654204,51.504569
-2.647592,51.504669
-2.565078,51.504673
-2.565078,51.504673
-2.565078,51.504673
-2.565078,51.504673
-2.570049,51.504685
-2.603505,51.504751
-2.603505,51.504751
-2.592872,51.504787
-2.592872,51.504787
-2.618807,51.504815
-2.644684,51.504829
-2.644684,51.504829
-2.644684,51.504829
-2.651312,51.5049
-2.651312,51.5049
-2.651312,51.5049
-2.651312,51.5049
-2.655246,51.504905
-2.655246,51.504905
-2.648878,51.504922
-2.57759,51.50516
-2.57759,51.50516
-2.57759,51.50516
-2.57759,51.50516
-2.57759,51.50516
-2.599839,51.505336
-2.599839,51.505336
-2.599839,51.505336
-2.599839,51.505336
-2.599839,51.505336
-2.599839,51.505336
-2.599839,51.505336
-2.603239,51.505337
-2.57578,51.505547
-2.561243,51.505599
-2.561243,51.505599
-2.603431,51.505732
-2.611518,51.506004
-2.611518,51.506004
-2.623492,51.506022
-2.593466,51.506079
-2.604748,51.50612
-2.347288,51.506141
-2.608252,51.506327
-2.608252,51.506327
-2.608252,51.506327
-2.549554,51.506464
-2.5951,51.506547
-2.5951,51.506547
-2.600331,51.506611
-2.619854,51.506626
-2.619854,51.506626
-2.619854,51.506626
-2.619854,51.506626
-2.603184,51.506632
-2.577753,51.506643
-2.577753,51.506643
-2.577753,51.506643
-2.569411,51.506648
-2.569411,51.506648
-2.569411,51.506648
-2.628442,51.506661
-2.628442,51.506661
-2.628442,51.506661
-2.628442,51.506661
-2.56676,51.506688
-2.598157,51.506712
-2.598157,51.506712
-2.631729,51.506787
-2.631729,51.506787
-2.631729,51.506787
-2.631729,51.506787
-2.631729,51.506787
-2.576057,51.506957
-2.610537,51.506963
-2.560727,51.506969
-2.560727,51.506969
-2.560727,51.506969
-2.560727,51.506969
-2.560727,51.506969
-2.560727,51.506969
-2.59943,51.50711
-2.594819,51.507115
-2.570546,51.507533
-2.593328,51.507716
-2.595031,51.507905
-2.606529,51.507918
-2.606529,51.507918
-2.606529,51.507918
-2.606529,51.507918
-2.606529,51.507918
-2.606529,51.507918
-2.606529,51.507918
-2.567684,51.508005
-2.604845,51.508035
-2.614614,51.508038
-2.564573,51.508074
-2.634284,51.508131
-2.634284,51.508131
-2.634284,51.508131
-2.553119,51.508138
-2.553119,51.508138
-2.56417,51.508139
-2.622082,51.508332
-2.622082,51.508332
-2.622082,51.508332
-2.622082,51.508332
-2.622082,51.508332
-2.622082,51.508332
-2.519116,51.508347
-2.623409,51.508423
-2.623409,51.508423
-2.623409,51.508423
-2.623409,51.508423
-2.623409,51.508423
-2.615975,51.508463
-2.615975,51.508463
-2.564924,51.508486
-2.571582,51.508571
-2.563704,51.508851
-2.563704,51.508851
-2.610262,51.509032
-2.605018,51.509095
-2.605018,51.509095
-2.605018,51.509095
-2.469139,51.509097
-2.469139,51.509097
-2.469139,51.509097
-2.596488,51.509148
-2.596488,51.509148
-2.596488,51.509148
-2.596488,51.509148
-2.556085,51.509176
-2.556085,51.509176
-2.564558,51.509189
-2.621302,51.509262
-2.621302,51.509262
-2.609415,51.50927
-2.609415,51.50927
-2.574416,51.509357
-2.574416,51.509357
-2.574416,51.509357
-2.574416,51.509357
-2.571967,51.509414
-2.571967,51.509414
-2.571967,51.509414
-2.571967,51.509414
-2.571967,51.509414
-2.615772,51.50948
-2.615772,51.50948
-2.621968,51.509492
-2.621968,51.509492
-2.621968,51.509492
-2.556579,51.509533
-2.556579,51.509533
-2.556579,51.509533
-2.556579,51.509533
-2.556579,51.509533
-2.556579,51.509533
-2.556579,51.509533
-2.556579,51.509533
-2.562646,51.509594
-2.565097,51.509654
-2.556134,51.509679
-2.556134,51.509679
-2.556134,51.509679
-2.556134,51.509679
-2.556134,51.509679
-2.620559,51.509706
-2.620559,51.509706
-2.620559,51.509706
-2.627626,51.510163
-2.627626,51.510163
-2.627626,51.510163
-2.572841,51.510174
-2.572841,51.510174
-2.617281,51.510263
-2.617281,51.510263
-2.610567,51.51028
-2.627008,51.510283
-2.612642,51.510332
-2.637744,51.510369
-2.622745,51.510432
-2.622745,51.510432
-2.622745,51.510432
-2.607226,51.51045
-2.602241,51.51053
-2.621451,51.510664
-2.581061,51.510691
-2.581061,51.510691
-2.567172,51.510831
-2.630648,51.510911
-2.635576,51.510912
-2.635576,51.510912
-2.635576,51.510912
-2.635576,51.510912
-2.56579,51.510945
-2.56579,51.510945
-2.56579,51.510945
-2.56579,51.510945
-2.56579,51.510945
-2.510442,51.510975
-2.563168,51.511003
-2.609915,51.511111
-2.616976,51.511128
-2.572897,51.511172
-2.62947,51.511178
-2.62947,51.511178
-2.62947,51.511178
-2.627885,51.511178
-2.627885,51.511178
-2.599066,51.511266
-2.42599,51.511276
-2.42599,51.511276
-2.543765,51.511598
-2.543765,51.511598
-2.545206,51.511609
-2.562297,51.511619
-2.562297,51.511619
-2.562297,51.511619
-2.623699,51.511695
-2.626496,51.511824
-2.626496,51.511824
-2.626496,51.511824
-2.632981,51.511852
-2.563915,51.511971
-2.597476,51.511984
-2.597476,51.511984
-2.614467,51.512058
-2.614467,51.512058
-2.614467,51.512058
-2.614467,51.512058
-2.607002,51.51207
-2.572867,51.512215
-2.601271,51.512369
-2.620669,51.512484
-2.549036,51.512527
-2.540534,51.512539
-2.62322,51.512543
-2.465039,51.512548
-2.621909,51.512567
-2.621909,51.512567
-2.618091,51.512606
-2.618091,51.512606
-2.618091,51.512606
-2.555205,51.512642
-2.555205,51.512642
-2.555205,51.512642
-2.555205,51.512642
-2.555205,51.512642
-2.568522,51.512758
-2.599274,51.51282
-2.596882,51.51285
-2.596882,51.51285
-2.596882,51.51285
-2.596882,51.51285
-2.607303,51.512959
-2.607303,51.512959
-2.601783,51.512969
-2.571379,51.513067
-2.571379,51.513067
-2.571379,51.513067
-2.616959,51.51307
-2.616959,51.51307
-2.616959,51.51307
-2.616959,51.51307
-2.616959,51.51307
-2.564606,51.5131
-2.605288,51.513158
-2.619945,51.513261
-2.600419,51.513327
-2.536236,51.513431
-2.59617,51.513438
-2.598736,51.513569
-2.598736,51.513569
-2.626016,51.513589
-2.618166,51.5139
-2.618166,51.5139
-2.597707,51.514186
-2.597707,51.514186
-2.548105,51.514186
-2.566841,51.514321
-2.543356,51.514738
-2.530589,51.514833
-2.568448,51.514943
-2.568448,51.514943
-2.565754,51.515001
-2.565754,51.515001
-2.565754,51.515001
-2.565754,51.515001
-2.565754,51.515001
-2.565754,51.515001
-2.571595,51.515413
-2.571595,51.515413
-2.570069,51.515519
-2.540296,51.515544
-2.433005,51.515602
-2.548122,51.515606
-2.499312,51.515644
-2.415987,51.5157
-2.594745,51.515792
-2.435733,51.515979
-2.530632,51.516037
-2.538186,51.516273
-2.545856,51.516561
-2.545856,51.516561
-2.545856,51.516561
-2.545856,51.516561
-2.545856,51.516561
-2.545856,51.516561
-2.545856,51.516561
-2.545856,51.516561
-2.545856,51.516561
-2.545856,51.516561
-2.50453,51.517115
-2.549976,51.517567
-2.540148,51.517675
-2.552125,51.517736
-2.671284,51.517789
-2.542083,51.51799
-2.537933,51.518054
-2.533064,51.518193
-2.54595,51.518377
-2.532177,51.518791
-2.650286,51.518825
-2.650286,51.518825
-2.543895,51.518827
-2.544463,51.519373
-2.537805,51.519394
-2.650512,51.519534
-2.650512,51.519534
-2.539826,51.519664
-2.543358,51.519719
-2.432428,51.520091
-2.544978,51.520206
-2.473655,51.520795
-2.503738,51.521047
-2.620008,51.521146
-2.620008,51.521146
-2.620008,51.521146
-2.620008,51.521146
-2.53715,51.521313
-2.571141,51.521745
-2.544681,51.521961
-2.500047,51.522232
-2.577475,51.522236
-2.577475,51.522236
-2.508381,51.522565
-2.508381,51.522565
-2.508381,51.522565
-2.508381,51.522565
-2.508381,51.522565
-2.508381,51.522565
-2.614609,51.522614
-2.614609,51.522614
-2.558469,51.522652
-2.615245,51.522727
-2.556569,51.52284
-2.556569,51.52284
-2.559699,51.523041
-2.507205,51.523046
-2.507205,51.523046
-2.554804,51.523496
-2.554804,51.523496
-2.60027,51.523893
-2.60027,51.523893
-2.60027,51.523893
-2.60027,51.523893
-2.499812,51.524454
-2.426041,51.524457
-2.426041,51.524457
-2.426041,51.524457
-2.46741,51.524587
-2.4791,51.524612
-2.549658,51.524671
-2.467844,51.524676
-2.557687,51.524678
-2.474071,51.52475
-2.428526,51.52506
-2.595371,51.525158
-2.595371,51.525158
-2.595371,51.525158
-2.595371,51.525158
-2.595371,51.525158
-2.595371,51.525158
-2.595371,51.525158
-2.595371,51.525158
-2.595371,51.525158
-2.595371,51.525158
-2.595371,51.525158
-2.595371,51.525158
-2.595371,51.525158
-2.595371,51.525158
-2.595371,51.525158
-2.595371,51.525158
-2.595371,51.525158
-2.595371,51.525158
-2.595371,51.525158
-2.546666,51.525216
-2.538263,51.525219
-2.531033,51.525746
-2.55734,51.525786
-2.539827,51.525823
-2.501025,51.526049
-2.559118,51.526209
-2.418476,51.52631
-2.537007,51.526312
-2.537007,51.526312
-2.470615,51.526427
-2.555344,51.526434
-2.554481,51.526555
-2.554481,51.526555
-2.554481,51.526555
-2.471828,51.526674
-2.471828,51.526674
-2.606001,51.526758
-2.606001,51.526758
-2.606001,51.526758
-2.606001,51.526758
-2.606001,51.526758
-2.606001,51.526758
-2.606001,51.526758
-2.415237,51.526816
-2.415237,51.526816
-2.415237,51.526816
-2.472047,51.526925
-2.472047,51.526925
-2.472047,51.526925
-2.472047,51.526925
-2.53373,51.527119
-2.48387,51.527182
-2.557069,51.527226
-2.557069,51.527226
-2.554908,51.527317
-2.499526,51.527359
-2.470121,51.527427
-2.53542,51.527435
-2.53542,51.527435
-2.469299,51.527475
-2.469299,51.527475
-2.424902,51.527582
-2.424902,51.527582
-2.536838,51.527878
-2.570642,51.52788
-2.570642,51.52788
-2.570642,51.52788
-2.570642,51.52788
-2.468987,51.527899
-2.429043,51.527971
-2.586212,51.528046
-2.586212,51.528046
-2.586212,51.528046
-2.504594,51.528102
-2.504594,51.528102
-2.549773,51.528213
-2.598497,51.528272
-2.598497,51.528272
-2.598497,51.528272
-2.598497,51.528272
-2.598497,51.528272
-2.598497,51.528272
-2.557168,51.528277
-2.561004,51.528394
-2.561004,51.528394
-2.561004,51.528394
-2.561004,51.528394
-2.561004,51.528394
-2.561004,51.528394
-2.47039,51.528406
-2.499653,51.528447
-2.540926,51.528587
-2.551464,51.52861
-2.551464,51.52861
-2.551464,51.52861
-2.551464,51.52861
-2.551464,51.52861
-2.551464,51.52861
-2.551464,51.52861
-2.551464,51.52861
-2.551464,51.52861
-2.551464,51.52861
-2.585515,51.52876
-2.56911,51.52876
-2.586928,51.528798
-2.586928,51.528798
-2.423617,51.528836
-2.423617,51.528836
-2.423617,51.528836
-2.423617,51.528836
-2.475065,51.528864
-2.475065,51.528864
-2.585216,51.529094
-2.416743,51.529121
-2.481945,51.529231
-2.481945,51.529231
-2.413458,51.529232
-2.535471,51.529278
-2.478876,51.52937
-2.408803,51.529437
-2.408803,51.529437
-2.57379,51.529492
-2.57379,51.529492
-2.57379,51.529492
-2.57379,51.529492
-2.423104,51.529512
-2.49818,51.529514
-2.502303,51.529523
-2.502303,51.529523
-2.425714,51.529539
-2.425714,51.529539
-2.425714,51.529539
-2.554359,51.529613
-2.583436,51.529615
-2.579904,51.529624
-2.579904,51.529624
-2.579904,51.529624
-2.579904,51.529624
-2.536845,51.529667
-2.586926,51.529742
-2.586926,51.529742
-2.586926,51.529742
-2.586926,51.529742
-2.467034,51.530065
-2.418699,51.530139
-2.418699,51.530139
-2.468188,51.530159
-2.468188,51.530159
-2.581685,51.530271
-2.5627,51.530292
-2.593897,51.530354
-2.593897,51.530354
-2.593897,51.530354
-2.593897,51.530354
-2.593897,51.530354
-2.593897,51.530354
-2.593897,51.530354
-2.593897,51.530354
-2.593897,51.530354
-2.593897,51.530354
-2.557035,51.530355
-2.557035,51.530355
-2.578198,51.530379
-2.578198,51.530379
-2.545935,51.53038
-2.465942,51.530411
-2.465942,51.530411
-2.465942,51.530411
-2.572924,51.530539
-2.572924,51.530539
-2.568673,51.530677
-2.568938,51.531152
-2.568938,51.531152
-2.578022,51.531279
-2.578022,51.531279
-2.551339,51.531362
-2.54514,51.531382
-2.54514,51.531382
-2.54514,51.531382
-2.557468,51.531576
-2.548373,51.531727
-2.548373,51.531727
-2.426398,51.531856
-2.405322,51.531859
-2.41638,51.531973
-2.424224,51.532134
-2.550787,51.532237
-2.589193,51.532275
-2.589193,51.532275
-2.474554,51.532363
-2.474554,51.532363
-2.419454,51.532367
-2.419454,51.532367
-2.374606,51.532483
-2.357594,51.532491
-2.571795,51.532523
-2.547347,51.53273
-2.427749,51.532876
-2.427749,51.532876
-2.560325,51.532974
-2.380824,51.533056
-2.477964,51.533141
-2.481252,51.533172
-2.543417,51.533179
-2.546315,51.533184
-2.401543,51.533364
-2.420646,51.533396
-2.391337,51.533444
-2.555171,51.533556
-2.419365,51.533581
-2.404502,51.53366
-2.481259,51.533874
-2.397858,51.533961
-2.371966,51.534037
-2.550334,51.534163
-2.560845,51.534194
-2.564267,51.534583
-2.396869,51.534594
-2.396869,51.534594
-2.549044,51.534763
-2.551643,51.535056
-2.544954,51.535132
-2.544954,51.535132
-2.544954,51.535132
-2.547911,51.53529
-2.547911,51.53529
-2.547911,51.53529
-2.547911,51.53529
-2.547911,51.53529
-2.547911,51.53529
-2.547911,51.53529
-2.547911,51.53529
-2.547911,51.53529
-2.547911,51.53529
-2.547911,51.53529
-2.547911,51.53529
-2.547911,51.53529
-2.547911,51.53529
-2.547911,51.53529
-2.547911,51.53529
-2.547911,51.53529
-2.386481,51.535447
-2.584247,51.5356
-2.584247,51.5356
-2.412895,51.535618
-2.577342,51.535679
-2.582247,51.535879
-2.408529,51.535885
-2.408529,51.535885
-2.575991,51.536009
-2.575991,51.536009
-2.397097,51.536023
-2.567748,51.536292
-2.567748,51.536292
-2.389056,51.536455
-2.551689,51.536468
-2.413581,51.536515
-2.38776,51.536666
-2.441237,51.536728
-2.489149,51.536889
-2.560379,51.537308
-2.560379,51.537308
-2.577176,51.537334
-2.577176,51.537334
-2.577176,51.537334
-2.408616,51.537467
-2.408616,51.537467
-2.408616,51.537467
-2.408616,51.537467
-2.408616,51.537467
-2.583021,51.537746
-2.583021,51.537746
-2.583021,51.537746
-2.583021,51.537746
-2.420558,51.537874
-2.394821,51.537874
-2.415295,51.537938
-2.385868,51.537949
-2.385868,51.537949
-2.393149,51.537952
-2.395877,51.538221
-2.395877,51.538221
-2.423776,51.538223
-2.392849,51.538231
-2.392849,51.538231
-2.392849,51.538231
-2.392849,51.538231
-2.581327,51.53833
-2.581327,51.53833
-2.581327,51.53833
-2.581327,51.53833
-2.552736,51.538432
-2.584356,51.53844
-2.417163,51.53875
-2.38899,51.538874
-2.398162,51.539113
-2.398162,51.539113
-2.398162,51.539113
-2.398162,51.539113
-2.410029,51.539135
-2.383976,51.539259
-2.560417,51.539277
-2.560417,51.539277
-2.557808,51.539289
-2.412194,51.539307
-2.412194,51.539307
-2.412194,51.539307
-2.412194,51.539307
-2.412194,51.539307
-2.412194,51.539307
-2.412194,51.539307
-2.422777,51.539377
-2.563504,51.539388
-2.419606,51.539424
-2.38388,51.539808
-2.421125,51.539985
-2.417766,51.54006
-2.417766,51.54006
-2.417766,51.54006
-2.417766,51.54006
-2.413704,51.540461
-2.423336,51.540526
-2.423336,51.540526
-2.405442,51.540571
-2.557867,51.540584
-2.557867,51.540584
-2.413661,51.540587
-2.413661,51.540587
-2.413661,51.540587
-2.430186,51.540654
-2.430186,51.540654
-2.430186,51.540654
-2.42527,51.540672
-2.285161,51.540898
-2.422316,51.540979
-2.422316,51.540979
-2.422316,51.540979
-2.422316,51.540979
-2.422316,51.540979
-2.391965,51.541129
-2.622736,51.541498
-2.563013,51.541638
-2.567414,51.541931
-2.567414,51.541931
-2.417481,51.542021
-2.417481,51.542021
-2.562441,51.542027
-2.414425,51.542122
-2.55457,51.542209
-2.55457,51.542209
-2.55457,51.542209
-2.55457,51.542209
-2.546149,51.542221
-2.555408,51.54234
-2.425314,51.542344
-2.412106,51.542373
-2.422073,51.542742
-2.55276,51.542793
-2.55276,51.542793
-2.551162,51.543007
-2.557796,51.543101
-2.560407,51.54317
-2.408032,51.543179
-2.420578,51.543206
-2.420578,51.543206
-2.420578,51.543206
-2.420578,51.543206
-2.420578,51.543206
-2.421862,51.543256
-2.433917,51.543257
-2.394325,51.543828
-2.42517,51.543945
-2.427737,51.543954
-2.427737,51.543954
-2.427737,51.543954
-2.420066,51.544008
-2.549304,51.544373
-2.548544,51.544692
-2.439497,51.544737
-2.422755,51.544763
-2.422755,51.544763
-2.402337,51.544826
-2.410571,51.544887
-2.410571,51.544887
-2.416788,51.545063
-2.416788,51.545063
-2.559249,51.545109
-2.56433,51.545525
-2.550315,51.545654
-2.432604,51.546211
-2.432604,51.546211
-2.432604,51.546211
-2.40698,51.54641
-2.428916,51.546593
-2.559527,51.546663
-2.459043,51.546811
-2.418253,51.547548
-2.418253,51.547548
-2.418253,51.547548
-2.426344,51.5476
-2.416064,51.547889
-2.650963,51.548124
-2.650963,51.548124
-2.407559,51.548314
-2.411627,51.548399
-2.468192,51.548789
-2.422983,51.549078
-2.632147,51.549432
-2.632147,51.549432
-2.41626,51.550451
-2.41626,51.550451
-2.422145,51.550457
-2.420141,51.550545
-2.408883,51.551259
-2.423628,51.551818
-2.408743,51.553283
-2.571436,51.5545
-2.414495,51.554557
-2.414495,51.554557
-2.404344,51.55488
-2.55139,51.555846
-2.411248,51.555935
-2.573866,51.556196
-2.414814,51.556291
-2.660163,51.558017
-2.660163,51.558017
-2.666012,51.558443
-2.663589,51.560453
-2.663589,51.560453
-2.663589,51.560453
-2.663589,51.560453
-2.665793,51.562257
-2.638918,51.562271
-2.662569,51.56276
-2.662569,51.56276
-2.483593,51.563581
-2.604731,51.569034
-2.654487,51.571536
-2.541553,51.576491
-2.564765,51.577137
-2.536596,51.579544
-2.423485,51.579854
-2.577629,51.57996
-2.31775,51.580467
-2.574348,51.580696
-2.531572,51.586823
-2.398045,51.590049
-2.398045,51.590049
-2.398045,51.590049
-2.528408,51.591513
-2.528408,51.591513
-2.538342,51.591782
-2.536333,51.592798
-2.536333,51.592798
-2.536333,51.592798
-2.536333,51.592798
-2.536333,51.592798
-2.536333,51.592798
-2.536333,51.592798
-2.536333,51.592798
-2.536333,51.592798
-2.536333,51.592798
-2.536333,51.592798
-2.536333,51.592798
-2.536333,51.592798
-2.397151,51.595168
-2.39799,51.596982
-2.509111,51.6021
-2.521904,51.602206
-2.512954,51.603612
-2.516262,51.603714
-2.524624,51.603929
-2.524624,51.603929
-2.521339,51.604537
-2.512411,51.605403
-2.525379,51.605535
-2.523953,51.605829
-2.516351,51.606474
-2.522691,51.606545
-2.52629,51.606852
-2.52629,51.606852
-2.52629,51.606852
-2.525178,51.606911
-2.525178,51.606911
-2.524718,51.607012
-2.524718,51.607012
-2.505542,51.607124
-2.519622,51.607161
-2.526049,51.607294
-2.526049,51.607294
-2.526049,51.607294
-2.526049,51.607294
-2.526049,51.607294
-2.526049,51.607294
-2.526049,51.607294
-2.526049,51.607294
-2.526049,51.607294
-2.526049,51.607294
-2.524251,51.607869
-2.524251,51.607869
-2.52109,51.608027
-2.512671,51.608028
-2.512671,51.608028
-2.526218,51.608112
-2.526218,51.608112
-2.526218,51.608112
-2.524531,51.608335
-2.524531,51.608335
-2.525603,51.608672
-2.525603,51.608672
-2.525603,51.608672
-2.525603,51.608672
-2.521272,51.608799
-2.521272,51.608799
-2.52545,51.609158
-2.515631,51.609202
-2.525871,51.609363
-2.525871,51.609363
-2.525871,51.609363
-2.525871,51.609363
-2.486092,51.609912
-2.5159,51.610019
-2.513995,51.610099
-2.508091,51.610376
-2.500341,51.610778
-2.527887,51.611323
-2.530175,51.611915
-2.521122,51.612082
-2.527193,51.612495
-2.514956,51.613404
-2.517579,51.614219
-2.517612,51.615793
-2.510755,51.617423
-2.523745,51.617869
-2.521525,51.618257
-2.516907,51.618547
-2.39577,51.622282
-2.439966,51.623222
-2.400137,51.624371
-2.566281,51.624829
-2.402327,51.62707
-2.404699,51.627305
-2.404699,51.627305
-2.40261,51.628022
-2.436791,51.628035
-2.436791,51.628035
-2.436791,51.628035
-2.436791,51.628035
-2.436791,51.628035
-2.436791,51.628035
-2.567033,51.628305
-2.39736,51.628993
-2.567578,51.632672
-2.562875,51.633216
-2.553883,51.63396
-2.50354,51.636228
-2.50354,51.636228
-2.399438,51.638571
-2.454903,51.640572
-2.539085,51.647157
-2.539085,51.647157
-2.147184,52.489103
-1.532351,53.796338
-0.472054,52.301536
-0.480694,52.251334
-0.467375,52.259074
-0.545552,52.222966
-0.543734,52.225740
-0.543734,52.225740
-0.543734,52.225740
-0.543734,52.225740
-0.542485,52.224079
-0.548892,52.226495
-0.530430,52.260622
-0.518842,52.293969
-0.557690,52.245071
-0.518045,52.291927
-0.556254,52.222072
-0.529672,52.207772
-0.529672,52.207772
-0.554379,52.188719
-0.603375,52.192348
-0.627906,52.249459
-0.600784,52.267375
-0.627906,52.249459
-0.627906,52.249459
-0.622461,52.254053
-0.602510,52.275406
-0.601847,52.268529
-0.608879,52.236272
-0.600784,52.267375
-0.605066,52.202825
-0.609236,52.201409
-0.609236,52.201409
-0.609236,52.201409
-0.625007,52.162168
-0.626378,52.162283
-0.622911,52.163771
-0.519657,52.118023
-0.567078,52.129074
-0.524729,52.117016
-0.524729,52.117016
-0.542137,52.108107
-0.525075,52.111410
-0.520875,52.126678
-0.511692,52.193979
-0.512139,52.192861
-0.512139,52.192861
-0.509954,52.193031
-0.513074,52.218344
-0.489993,52.159923
-0.487400,52.158344
-0.489993,52.159923
-0.489993,52.159923
-0.504089,52.163762
-0.487400,52.158344
-0.504320,52.169079
-0.504320,52.169079
-0.504320,52.169079
-0.504320,52.169079
-0.504320,52.169079
-0.505979,52.168435
-0.505979,52.168435
-0.504320,52.169079
-0.506134,52.170801
-0.504320,52.169079
-0.505979,52.168435
-0.505979,52.168435
-0.506134,52.170801
-0.506134,52.170801
-0.497317,52.166005
-0.499546,52.167121
-0.500030,52.164034
-0.497317,52.166005
-0.525787,52.173036
-0.514558,52.176905
-0.521413,52.167343
-0.526808,52.172653
-0.522467,52.176132
-0.519676,52.170783
-0.520705,52.172361
-0.516680,52.165872
-0.346490,52.155490
-0.356327,52.157507
-0.356327,52.157507
-0.347343,52.157337
-0.355438,52.157045
-0.373826,52.138238
-0.372561,52.138464
-0.372210,52.134080
-0.387608,52.120373
-0.385362,52.137246
-0.390623,52.144934
-0.379655,52.132249
-0.372210,52.134080
-0.374054,52.137216
-0.365638,52.132793
-0.373909,52.135965
-0.390614,52.127769
-0.389137,52.129017
-0.316377,52.204265
-0.290928,52.199691
-0.290928,52.199691
-0.294960,52.200244
-0.303327,52.187273
-0.303327,52.187273
-0.318021,52.178169
-0.303327,52.187273
-0.300026,52.192513
-0.303327,52.187273
-0.303327,52.187273
-0.303423,52.173221
-0.303327,52.187273
-0.316377,52.204265
-0.347843,52.177376
-0.328477,52.211351
-0.329610,52.234601
-0.293555,52.229671
-0.460536,52.167095
-0.448855,52.165755
-0.455684,52.167868
-0.421531,52.155736
-0.418996,52.156332
-0.420465,52.156531
-0.420465,52.156531
-0.420465,52.156531
-0.443216,52.178206
-0.421531,52.155736
-0.425763,52.177084
-0.460221,52.166048
-0.462730,52.161963
-0.462730,52.161963
-0.459972,52.158438
-0.462730,52.161963
-0.461657,52.165959
-0.460221,52.166048
-0.456416,52.161916
-0.454361,52.160046
-0.454820,52.159036
-0.458532,52.160344
-0.469951,52.155196
-0.457802,52.155650
-0.462836,52.158485
-0.468693,52.155630
-0.461109,52.155144
-0.461109,52.155144
-0.462836,52.158485
-0.460347,52.157301
-0.455504,52.150683
-0.455504,52.150683
-0.453445,52.156932
-0.453445,52.156932
-0.455944,52.148945
-0.453550,52.149687
-0.463222,52.154488
-0.461509,52.152434
-0.463228,52.152609
-0.469602,52.152162
-0.465181,52.154046
-0.458653,52.166576
-0.452327,52.164308
-0.452327,52.164308
-0.431996,52.152054
-0.433616,52.153793
-0.433616,52.153793
-0.433616,52.153793
-0.429047,52.154856
-0.428520,52.152395
-0.435580,52.153640
-0.428520,52.152395
-0.428520,52.152395
-0.428520,52.152395
-0.428520,52.152395
-0.428520,52.152395
-0.448875,52.158455
-0.449612,52.160811
-0.448875,52.158455
-0.452100,52.157778
-0.448875,52.158455
-0.451094,52.159806
-0.434356,52.156851
-0.427371,52.155958
-0.433535,52.156094
-0.430661,52.157593
-0.430661,52.157593
-0.434356,52.156851
-0.430661,52.157593
-0.433535,52.156094
-0.430661,52.157593
-0.432862,52.154862
-0.432707,52.156362
-0.435401,52.155831
-0.441446,52.153924
-0.442170,52.154131
-0.441392,52.152961
-0.446696,52.150936
-0.442953,52.152649
-0.445803,52.156014
-0.445480,52.153528
-0.441654,52.154673
-0.443154,52.155682
-0.445803,52.152237
-0.436248,52.156274
-0.439327,52.158931
-0.436248,52.156274
-0.436248,52.156274
-0.437512,52.155239
-0.436792,52.157855
-0.433618,52.157893
-0.438599,52.158004
-0.440479,52.155242
-0.432968,52.149352
-0.433308,52.150903
-0.440310,52.148361
-0.433308,52.150903
-0.442484,52.146799
-0.431151,52.146163
-0.424775,52.148730
-0.433779,52.147475
-0.431578,52.148551
-0.422742,52.148380
-0.428119,52.145098
-0.422742,52.148380
-0.422742,52.148380
-0.425873,52.147037
-0.424695,52.146868
-0.426805,52.147948
-0.425725,52.147907
-0.421549,52.148615
-0.422742,52.148380
-0.426805,52.147948
-0.424695,52.146868
-0.426805,52.147948
-0.428119,52.145098
-0.428119,52.145098
-0.428119,52.145098
-0.428119,52.145098
-0.438884,52.143190
-0.438884,52.143190
-0.437574,52.141762
-0.429835,52.146172
-0.427362,52.153297
-0.418636,52.154115
-0.420066,52.154188
-0.420066,52.154188
-0.420066,52.154188
-0.420066,52.154188
-0.427362,52.153297
-0.418636,52.154115
-0.426215,52.154756
-0.428269,52.151214
-0.426215,52.154756
-0.427362,52.153297
-0.423084,52.151918
-0.426215,52.154756
-0.426215,52.154756
-0.427400,52.152632
-0.427400,52.152632
-0.427400,52.152632
-0.427400,52.152632
-0.422201,52.153344
-0.425035,52.152564
-0.425035,52.152564
-0.427362,52.153297
-0.415712,52.147116
-0.409561,52.149938
-0.419074,52.148366
-0.415646,52.152295
-0.417579,52.153417
-0.415646,52.152295
-0.421551,52.152706
-0.421356,52.150357
-0.409328,52.152380
-0.409328,52.152380
-0.537900,52.141654
-0.538630,52.146573
-0.538630,52.146573
-0.538515,52.147407
-0.538630,52.146573
-0.499021,52.142317
-0.497451,52.140741
-0.499618,52.139744
-0.503295,52.138181
-0.503807,52.142971
-0.500824,52.131703
-0.500824,52.131703
-0.515007,52.129158
-0.500824,52.131703
-0.515007,52.129158
-0.515007,52.129158
-0.515007,52.129158
-0.515007,52.129158
-0.515007,52.129158
-0.515007,52.129158
-0.500824,52.131703
-0.515960,52.124216
-0.500824,52.131703
-0.500824,52.131703
-0.514079,52.127195
-0.510703,52.130291
-0.510703,52.130291
-0.513581,52.126793
-0.510703,52.130291
-0.516495,52.127460
-0.508231,52.130403
-0.500824,52.131703
-0.510703,52.130291
-0.528291,52.145455
-0.534014,52.145176
-0.525987,52.153257
-0.456744,52.146941
-0.469496,52.146289
-0.459234,52.145086
-0.459234,52.145086
-0.459952,52.146300
-0.457335,52.146742
-0.458360,52.146261
-0.447912,52.144119
-0.442177,52.141364
-0.460911,52.145197
-0.459569,52.143436
-0.464837,52.138982
-0.466837,52.142020
-0.464837,52.138982
-0.462145,52.141626
-0.466837,52.142020
-0.466354,52.140341
-0.462859,52.139540
-0.463497,52.139261
-0.466354,52.140341
-0.464837,52.138982
-0.459569,52.143436
-0.459569,52.143436
-0.459569,52.143436
-0.459569,52.143436
-0.464837,52.138982
-0.467107,52.139667
-0.454541,52.141751
-0.457255,52.139764
-0.454583,52.140970
-0.457255,52.139764
-0.452183,52.143186
-0.470475,52.145448
-0.468806,52.143412
-0.470475,52.145448
-0.470475,52.145448
-0.469625,52.143369
-0.472339,52.144797
-0.470475,52.145448
-0.472508,52.144116
-0.470475,52.145448
-0.468806,52.143412
-0.471896,52.143209
-0.468806,52.143412
-0.468806,52.143412
-0.470475,52.145448
-0.468806,52.143412
-0.470475,52.145448
-0.471896,52.143209
-0.472161,52.145299
-0.475271,52.148810
-0.473853,52.147092
-0.475271,52.148810
-0.472161,52.145299
-0.473629,52.150236
-0.475271,52.148810
-0.472161,52.145299
-0.480373,52.144892
-0.481357,52.142630
-0.483707,52.144863
-0.482538,52.140982
-0.485821,52.145430
-0.481357,52.142630
-0.482538,52.140982
-0.482344,52.141537
-0.482538,52.140982
-0.485821,52.145430
-0.485821,52.145430
-0.484723,52.141603
-0.483514,52.143647
-0.482344,52.141537
-0.482344,52.141537
-0.474493,52.142047
-0.474493,52.142047
-0.474493,52.142047
-0.474493,52.142047
-0.474493,52.142047
-0.474922,52.143608
-0.474493,52.142047
-0.473686,52.143008
-0.474922,52.143608
-0.474493,52.142047
-0.474922,52.143608
-0.474011,52.143749
-0.476742,52.139523
-0.476742,52.139523
-0.476742,52.139523
-0.476742,52.139523
-0.478111,52.142660
-0.476742,52.139523
-0.476742,52.139523
-0.476742,52.139523
-0.476742,52.139523
-0.476742,52.139523
-0.475456,52.139965
-0.478111,52.142660
-0.477301,52.141139
-0.478111,52.142660
-0.474801,52.140738
-0.478111,52.142660
-0.479337,52.141849
-0.477301,52.141139
-0.478111,52.142660
-0.476742,52.139523
-0.471361,52.140919
-0.470759,52.141837
-0.468073,52.141334
-0.469650,52.140519
-0.470214,52.141560
-0.470759,52.141837
-0.470214,52.141560
-0.469182,52.139685
-0.472859,52.140264
-0.468587,52.139992
-0.469182,52.139685
-0.468496,52.140935
-0.471361,52.140919
-0.471361,52.140919
-0.469650,52.140519
-0.468473,52.138633
-0.467557,52.139754
-0.469040,52.142552
-0.469040,52.142552
-0.469040,52.142552
-0.470759,52.141837
-0.468380,52.141320
-0.469894,52.142779
-0.470759,52.141837
-0.472954,52.139213
-0.469894,52.142779
-0.471139,52.139720
-0.469894,52.142779
-0.469182,52.139685
-0.472859,52.140264
-0.470759,52.141837
-0.468380,52.141320
-0.468380,52.141320
-0.470685,52.141009
-0.470759,52.141837
-0.437587,52.133463
-0.444600,52.138087
-0.443338,52.138664
-0.443712,52.135054
-0.444600,52.138087
-0.437587,52.133463
-0.439157,52.139957
-0.437833,52.139382
-0.444051,52.138763
-0.444051,52.138763
-0.444051,52.138763
-0.444051,52.138763
-0.443712,52.135054
-0.443791,52.139488
-0.443791,52.139488
-0.445500,52.136175
-0.443338,52.138664
-0.435015,52.136809
-0.435015,52.136809
-0.435015,52.136809
-0.434087,52.142435
-0.435015,52.136809
-0.435015,52.136809
-0.433553,52.136430
-0.435015,52.136809
-0.433553,52.136430
-0.435015,52.136809
-0.433553,52.136430
-0.434248,52.136592
-0.434544,52.137325
-0.434248,52.136592
-0.436825,52.135206
-0.430835,52.136844
-0.426766,52.138282
-0.431650,52.138617
-0.432978,52.136162
-0.427146,52.142441
-0.431891,52.141731
-0.430245,52.140738
-0.423888,52.144897
-0.430245,52.140738
-0.433771,52.131056
-0.431891,52.141731
-0.433771,52.131056
-0.427146,52.142441
-0.433771,52.131056
-0.430348,52.140317
-0.433306,52.132228
-0.433771,52.131056
-0.433771,52.131056
-0.433771,52.131056
-0.433306,52.132228
-0.425441,52.139397
-0.424653,52.140610
-0.423820,52.144734
-0.424653,52.140610
-0.424653,52.140610
-0.424653,52.140610
-0.424653,52.140610
-0.423820,52.144734
-0.433306,52.132228
-0.408123,52.148057
-0.427146,52.142441
-0.427146,52.142441
-0.433306,52.132228
-0.426331,52.141091
-0.424653,52.140610
-0.423888,52.144897
-0.475198,52.135537
-0.472489,52.134432
-0.470498,52.134964
-0.475198,52.135537
-0.471161,52.135647
-0.475198,52.135537
-0.469317,52.135317
-0.469610,52.137866
-0.475198,52.135537
-0.475198,52.135537
-0.475198,52.135537
-0.475198,52.135537
-0.475198,52.135537
-0.471544,52.134294
-0.472489,52.134432
-0.475198,52.135537
-0.473655,52.134924
-0.472489,52.134432
-0.472489,52.134432
-0.469276,52.135668
-0.469700,52.138209
-0.471544,52.134294
-0.473036,52.135087
-0.473806,52.136491
-0.475198,52.135537
-0.475198,52.135537
-0.473036,52.135087
-0.472489,52.134432
-0.473655,52.134924
-0.470498,52.134964
-0.475198,52.135537
-0.475198,52.135537
-0.471690,52.136850
-0.475198,52.135537
-0.471690,52.136850
-0.475198,52.135537
-0.473036,52.135087
-0.475198,52.135537
-0.469610,52.137866
-0.473036,52.135087
-0.473421,52.135784
-0.472489,52.134432
-0.475198,52.135537
-0.468839,52.137757
-0.472489,52.134432
-0.472489,52.134432
-0.469317,52.135317
-0.472489,52.134432
-0.471690,52.136850
-0.469508,52.135707
-0.469700,52.138209
-0.472170,52.133916
-0.469317,52.135317
-0.469700,52.138209
-0.469700,52.138209
-0.473428,52.133024
-0.472489,52.134432
-0.471161,52.135647
-0.472489,52.134432
-0.472489,52.134432
-0.468839,52.137757
-0.473690,52.133918
-0.470498,52.134964
-0.473690,52.133918
-0.469317,52.135317
-0.469317,52.135317
-0.471161,52.135647
-0.475198,52.135537
-0.469508,52.135707
-0.469508,52.135707
-0.469508,52.135707
-0.469781,52.137140
-0.469508,52.135707
-0.468922,52.137039
-0.471690,52.136850
-0.469508,52.135707
-0.469508,52.135707
-0.471690,52.136850
-0.471690,52.136850
-0.471690,52.136850
-0.469276,52.135668
-0.471690,52.136850
-0.471690,52.136850
-0.469508,52.135707
-0.470832,52.135436
-0.471690,52.136850
-0.468922,52.137039
-0.469508,52.135707
-0.469508,52.135707
-0.469508,52.135707
-0.468922,52.137039
-0.468922,52.137039
-0.469610,52.137866
-0.472489,52.134432
-0.471690,52.136850
-0.472321,52.135078
-0.473428,52.133024
-0.475106,52.136525
-0.469700,52.138209
-0.476930,52.136585
-0.473690,52.133918
-0.469317,52.135317
-0.469781,52.137140
-0.472489,52.134432
-0.476930,52.136585
-0.476930,52.136585
-0.452041,52.137574
-0.453305,52.138642
-0.452718,52.137007
-0.452041,52.137574
-0.455482,52.136953
-0.455949,52.136950
-0.453305,52.138642
-0.452718,52.137007
-0.452718,52.137007
-0.453305,52.138642
-0.455949,52.136950
-0.455949,52.136950
-0.446839,52.132956
-0.446839,52.132956
-0.446839,52.132956
-0.450519,52.135539
-0.446839,52.132956
-0.446839,52.132956
-0.446839,52.132956
-0.450519,52.135539
-0.450519,52.135539
-0.450519,52.135539
-0.466377,52.137122
-0.466377,52.137122
-0.466377,52.137122
-0.466128,52.136706
-0.466377,52.137122
-0.466377,52.137122
-0.466146,52.135753
-0.466673,52.136155
-0.462670,52.135708
-0.463023,52.138185
-0.466075,52.138251
-0.466075,52.138251
-0.464227,52.137589
-0.466673,52.136155
-0.466673,52.136155
-0.458979,52.137655
-0.466673,52.136155
-0.464833,52.135700
-0.468277,52.136671
-0.466673,52.136155
-0.461695,52.137286
-0.462670,52.135708
-0.458600,52.135933
-0.466377,52.137122
-0.466377,52.137122
-0.464833,52.135700
-0.466128,52.136706
-0.466377,52.137122
-0.468277,52.136671
-0.461515,52.135719
-0.466377,52.137122
-0.466075,52.138251
-0.466128,52.136706
-0.461515,52.135719
-0.458600,52.135933
-0.466075,52.138251
-0.466673,52.136155
-0.466673,52.136155
-0.464832,52.136985
-0.458600,52.135933
-0.466673,52.136155
-0.466673,52.136155
-0.458600,52.135933
-0.466673,52.136155
-0.458979,52.137655
-0.466128,52.136706
-0.466075,52.138251
-0.466377,52.137122
-0.466377,52.137122
-0.466673,52.136155
-0.468277,52.136671
-0.468277,52.136671
-0.466075,52.138251
-0.468277,52.136671
-0.466075,52.138251
-0.468277,52.136671
-0.466673,52.136155
-0.468277,52.136671
-0.466673,52.136155
-0.466673,52.136155
-0.466673,52.136155
-0.468277,52.136671
-0.468277,52.136671
-0.466673,52.136155
-0.466673,52.136155
-0.466673,52.136155
-0.468277,52.136671
-0.464832,52.136985
-0.466673,52.136155
-0.464832,52.136985
-0.466128,52.136706
-0.466377,52.137122
-0.466075,52.138251
-0.466377,52.137122
-0.466673,52.136155
-0.466128,52.136706
-0.466075,52.138251
-0.461515,52.135719
-0.466128,52.136706
-0.461515,52.135719
-0.466128,52.136706
-0.466377,52.137122
-0.466075,52.138251
-0.466377,52.137122
-0.466128,52.136706
-0.466128,52.136706
-0.468277,52.136671
-0.466075,52.138251
-0.466128,52.136706
-0.466128,52.136706
-0.444404,52.139946
-0.447267,52.139561
-0.448663,52.138905
-0.476532,52.138414
-0.479839,52.139554
-0.478583,52.135662
-0.476167,52.134984
-0.476167,52.134984
-0.471331,52.137510
-0.478583,52.135662
-0.478841,52.137122
-0.476637,52.135754
-0.473434,52.137547
-0.478583,52.135662
-0.476532,52.138414
-0.472313,52.138278
-0.478583,52.135662
-0.477390,52.137238
-0.480489,52.138924
-0.476167,52.134984
-0.478583,52.135662
-0.476167,52.134984
-0.476167,52.134984
-0.476532,52.138414
-0.472313,52.138278
-0.478804,52.138192
-0.476167,52.134984
-0.476532,52.138414
-0.478583,52.135662
-0.476167,52.134984
-0.476167,52.134984
-0.478841,52.137122
-0.471331,52.137510
-0.478583,52.135662
-0.473696,52.138440
-0.473696,52.138440
-0.474442,52.137137
-0.477390,52.137238
-0.476532,52.138414
-0.477737,52.137782
-0.480489,52.138924
-0.471383,52.138572
-0.473475,52.138923
-0.478841,52.137122
-0.476637,52.135754
-0.473696,52.138440
-0.473696,52.138440
-0.474757,52.139047
-0.474442,52.137137
-0.476167,52.134984
-0.476167,52.134984
-0.478583,52.135662
-0.478804,52.138192
-0.471383,52.138572
-0.478583,52.135662
-0.471331,52.137510
-0.480489,52.138924
-0.473696,52.138440
-0.474442,52.137137
-0.480489,52.138924
-0.473696,52.138440
-0.471331,52.137510
-0.471331,52.137510
-0.471331,52.137510
-0.471383,52.138572
-0.476532,52.138414
-0.478841,52.137122
-0.480489,52.138924
-0.471383,52.138572
-0.471383,52.138572
-0.484090,52.139168
-0.484090,52.139168
-0.484090,52.139168
-0.486853,52.137405
-0.487017,52.138180
-0.486884,52.131750
-0.487832,52.132661
-0.484090,52.139168
-0.489853,52.134233
-0.487304,52.133580
-0.490257,52.140029
-0.483799,52.133976
-0.481810,52.136603
-0.479975,52.134277
-0.480825,52.135053
-0.480825,52.135053
-0.483015,52.133399
-0.479975,52.134277
-0.480825,52.135053
-0.482084,52.133711
-0.479975,52.134277
-0.483015,52.133399
-0.481810,52.136603
-0.485673,52.134288
-0.483799,52.133976
-0.485944,52.133194
-0.481810,52.136603
-0.483799,52.133976
-0.483015,52.133399
-0.485944,52.133194
-0.493210,52.133494
-0.490590,52.130179
-0.493210,52.133494
-0.493210,52.133494
-0.489967,52.132599
-0.493795,52.131299
-0.493210,52.133494
-0.493210,52.133494
-0.492282,52.131981
-0.484444,52.131332
-0.484444,52.131332
-0.491328,52.130818
-0.490280,52.131560
-0.484444,52.131332
-0.491328,52.130818
-0.490280,52.131560
-0.488367,52.130654
-0.491328,52.130818
-0.490280,52.131560
-0.487102,52.130044
-0.488649,52.131404
-0.488649,52.131404
-0.488367,52.130654
-0.483755,52.132240
-0.487102,52.130044
-0.487102,52.130044
-0.485497,52.138188
-0.483035,52.134533
-0.485497,52.138188
-0.484860,52.134547
-0.485835,52.136825
-0.484418,52.136394
-0.484860,52.134547
-0.484435,52.135459
-0.483035,52.134533
-0.485835,52.136825
-0.485470,52.137684
-0.484418,52.136394
-0.456979,52.123234
-0.444989,52.116855
-0.448083,52.117768
-0.450650,52.119555
-0.456107,52.122665
-0.451853,52.120227
-0.445607,52.117555
-0.455265,52.122106
-0.456979,52.123234
-0.455265,52.122106
-0.450650,52.119555
-0.456979,52.123234
-0.451853,52.120227
-0.450650,52.119555
-0.450650,52.119555
-0.449859,52.126342
-0.444822,52.125017
-0.448073,52.130670
-0.446937,52.125080
-0.449859,52.126342
-0.444473,52.124104
-0.449859,52.126342
-0.441563,52.121683
-0.448073,52.130670
-0.444822,52.125017
-0.450584,52.126927
-0.451203,52.129713
-0.447987,52.125984
-0.451203,52.129713
-0.451203,52.129713
-0.451203,52.129713
-0.451203,52.129713
-0.451203,52.129713
-0.451203,52.129713
-0.457970,52.132607
-0.457970,52.132607
-0.451338,52.127521
-0.443221,52.122316
-0.449859,52.126342
-0.441800,52.122864
-0.446691,52.118316
-0.431549,52.123159
-0.445603,52.117249
-0.445603,52.117249
-0.445603,52.117249
-0.431549,52.123159
-0.438944,52.123078
-0.439899,52.118739
-0.443411,52.117706
-0.443411,52.117706
-0.440743,52.122157
-0.438486,52.119026
-0.413887,52.128552
-0.439607,52.122493
-0.438486,52.119026
-0.440743,52.122157
-0.438944,52.123078
-0.445603,52.117249
-0.439825,52.119601
-0.439899,52.118739
-0.442193,52.119129
-0.447896,52.119366
-0.442957,52.118995
-0.453013,52.123002
-0.442193,52.119129
-0.448038,52.120303
-0.461478,52.127033
-0.458245,52.128861
-0.463695,52.127575
-0.462815,52.126394
-0.458410,52.131273
-0.456428,52.128190
-0.465525,52.132139
-0.457080,52.128756
-0.461294,52.130681
-0.462297,52.127440
-0.461478,52.127033
-0.462297,52.127440
-0.461294,52.130681
-0.462297,52.127440
-0.465794,52.133653
-0.463940,52.126400
-0.462283,52.131665
-0.463940,52.126400
-0.459997,52.126358
-0.465794,52.133653
-0.462815,52.126394
-0.462297,52.127440
-0.459997,52.126358
-0.465794,52.133653
-0.462297,52.127440
-0.462815,52.126394
-0.454860,52.128736
-0.462297,52.127440
-0.454860,52.128736
-0.452864,52.127316
-0.454053,52.126307
-0.456432,52.125106
-0.456960,52.126741
-0.457940,52.127554
-0.456960,52.126741
-0.456960,52.126741
-0.456960,52.126741
-0.457940,52.127554
-0.456960,52.126741
-0.452864,52.127316
-0.458772,52.127133
-0.456960,52.126741
-0.464527,52.124609
-0.463092,52.125130
-0.462442,52.123216
-0.463092,52.125130
-0.465816,52.124087
-0.463092,52.125130
-0.463092,52.125130
-0.459548,52.122018
-0.462888,52.122574
-0.464532,52.124061
-0.463092,52.125130
-0.463092,52.125130
-0.459449,52.123195
-0.459002,52.122595
-0.463092,52.125130
-0.463792,52.122199
-0.457128,52.120188
-0.457128,52.120188
-0.464508,52.125158
-0.465832,52.122783
-0.459002,52.122595
-0.464532,52.124061
-0.459002,52.122595
-0.457128,52.120188
-0.464561,52.130005
-0.471595,52.129817
-0.471639,52.127246
-0.464561,52.130005
-0.470877,52.129026
-0.471730,52.128848
-0.471595,52.129817
-0.466390,52.129912
-0.471639,52.127246
-0.472997,52.130240
-0.468874,52.130771
-0.466390,52.129912
-0.464561,52.130005
-0.471639,52.127246
-0.471639,52.127246
-0.474853,52.128529
-0.464561,52.130005
-0.464973,52.125676
-0.466709,52.126148
-0.468874,52.130771
-0.470877,52.129026
-0.467984,52.133286
-0.467984,52.133286
-0.464358,52.125704
-0.472997,52.130240
-0.471558,52.131741
-0.464561,52.130005
-0.474853,52.128529
-0.471730,52.128848
-0.467984,52.133286
-0.471730,52.128848
-0.467709,52.130639
-0.471730,52.128848
-0.471730,52.128848
-0.465245,52.131353
-0.472016,52.126883
-0.468880,52.131877
-0.471730,52.128848
-0.470988,52.123650
-0.468769,52.126166
-0.468797,52.127479
-0.468480,52.126486
-0.470322,52.124739
-0.468769,52.126166
-0.468769,52.126166
-0.468480,52.126486
-0.468480,52.126486
-0.468480,52.126486
-0.468769,52.126166
-0.471671,52.125449
-0.471671,52.125449
-0.471671,52.125449
-0.469889,52.126720
-0.469620,52.125620
-0.468797,52.127479
-0.468797,52.127479
-0.470988,52.123650
-0.468480,52.126486
-0.469721,52.123958
-0.468480,52.126486
-0.471671,52.125449
-0.468480,52.126486
-0.472102,52.124384
-0.471344,52.121776
-0.471341,52.123143
-0.473376,52.119159
-0.473376,52.119159
-0.473376,52.119159
-0.468689,52.122955
-0.473376,52.119159
-0.468689,52.122955
-0.477072,52.117435
-0.472566,52.121486
-0.472102,52.124384
-0.472102,52.124384
-0.468689,52.122955
-0.472566,52.121486
-0.472102,52.124384
-0.472102,52.124384
-0.472102,52.124384
-0.472102,52.124384
-0.472102,52.124384
-0.472102,52.124384
-0.472102,52.124384
-0.472102,52.124384
-0.472102,52.124384
-0.472566,52.121486
-0.472102,52.124384
-0.477072,52.117435
-0.471344,52.121776
-0.468673,52.120006
-0.463885,52.120780
-0.463323,52.121384
-0.466337,52.118690
-0.466337,52.118690
-0.462800,52.120037
-0.468673,52.120006
-0.465529,52.116719
-0.459375,52.118554
-0.459375,52.118554
-0.459375,52.118554
-0.459375,52.118554
-0.458198,52.117945
-0.459375,52.118554
-0.465529,52.116719
-0.459375,52.118554
-0.459375,52.118554
-0.459375,52.118554
-0.459375,52.118554
-0.465678,52.118744
-0.463098,52.118594
-0.465529,52.116719
-0.462949,52.116991
-0.462949,52.116991
-0.459375,52.118554
-0.464389,52.117594
-0.498807,52.123900
-0.495913,52.123494
-0.495913,52.123494
-0.495913,52.123494
-0.495546,52.124425
-0.499597,52.124288
-0.495913,52.123494
-0.498807,52.123900
-0.495913,52.123494
-0.495913,52.123494
-0.495913,52.123494
-0.498240,52.119460
-0.498240,52.119460
-0.501770,52.116556
-0.507641,52.115264
-0.507641,52.115264
-0.498240,52.119460
-0.505857,52.116635
-0.503829,52.115701
-0.503829,52.115701
-0.495485,52.120594
-0.498240,52.119460
-0.503829,52.115701
-0.499414,52.125400
-0.501425,52.125965
-0.493121,52.126174
-0.495428,52.126626
-0.493121,52.126174
-0.501425,52.125965
-0.495428,52.126626
-0.499725,52.130062
-0.497281,52.126686
-0.493121,52.126174
-0.499942,52.127951
-0.498167,52.127731
-0.495428,52.126626
-0.495619,52.125739
-0.495428,52.126626
-0.498167,52.127731
-0.480627,52.127578
-0.490192,52.120760
-0.491263,52.124946
-0.490192,52.120760
-0.489420,52.125452
-0.485215,52.124958
-0.485215,52.124958
-0.480680,52.127282
-0.492294,52.120364
-0.480680,52.127282
-0.485215,52.124958
-0.495964,52.125042
-0.489420,52.125452
-0.491444,52.125640
-0.485215,52.124958
-0.492330,52.121030
-0.492294,52.120364
-0.492330,52.121030
-0.494667,52.117562
-0.492091,52.118168
-0.491236,52.117959
-0.496497,52.114834
-0.496497,52.114834
-0.496497,52.114834
-0.498919,52.114901
-0.496497,52.114834
-0.493068,52.116490
-0.496497,52.114834
-0.496497,52.114834
-0.498644,52.115698
-0.496497,52.114834
-0.496497,52.114834
-0.495290,52.117283
-0.495290,52.117283
-0.495290,52.117283
-0.495060,52.116300
-0.495290,52.117283
-0.495060,52.116300
-0.493977,52.118102
-0.495290,52.117283
-0.495290,52.117283
-0.489537,52.117245
-0.491236,52.117959
-0.489920,52.117565
-0.489920,52.117565
-0.489920,52.117565
-0.495290,52.117283
-0.480257,52.125982
-0.483014,52.123959
-0.480257,52.125982
-0.483014,52.123959
-0.480257,52.125982
-0.480439,52.123656
-0.480439,52.123656
-0.479869,52.120654
-0.481175,52.124771
-0.481175,52.124771
-0.481175,52.124771
-0.482793,52.123147
-0.482387,52.120048
-0.482249,52.118950
-0.481779,52.117316
-0.483426,52.116978
-0.487775,52.118796
-0.486712,52.121291
-0.489356,52.119122
-0.486712,52.121291
-0.490420,52.118326
-0.487470,52.120482
-0.489406,52.119374
-0.487775,52.118796
-0.486712,52.121291
-0.487775,52.118796
-0.490420,52.118326
-0.491240,52.114812
-0.491755,52.113821
-0.488387,52.115387
-0.494492,52.113226
-0.487523,52.113748
-0.491240,52.114812
-0.488387,52.115387
-0.500056,52.115401
-0.496553,52.112722
-0.505004,52.107210
-0.500056,52.115401
-0.501636,52.107923
-0.496553,52.112722
-0.496553,52.112722
-0.497021,52.114032
-0.497021,52.114032
-0.496553,52.112722
-0.498508,52.113673
-0.496553,52.112722
-0.498508,52.113673
-0.496553,52.112722
-0.502401,52.112536
-0.498070,52.113227
-0.496553,52.112722
-0.500056,52.115401
-0.500056,52.115401
-0.499033,52.109769
-0.505004,52.107210
-0.498508,52.113673
-0.505004,52.107210
-0.505004,52.107210
-0.505275,52.107825
-0.500854,52.112525
-0.505670,52.114366
-0.503216,52.109156
-0.505231,52.111322
-0.503216,52.109156
-0.504197,52.112999
-0.506305,52.112855
-0.504307,52.108838
-0.504152,52.113907
-0.503216,52.109156
-0.509831,52.112216
-0.503216,52.109156
-0.503216,52.109156
-0.505231,52.111322
-0.510070,52.111185
-0.497136,52.108414
-0.494457,52.110349
-0.513815,52.111844
-0.513815,52.111844
-0.516336,52.114663
-0.508389,52.112980
-0.497126,52.110904
-0.515623,52.115014
-0.491089,52.108894
-0.516336,52.114663
-0.511982,52.111218
-0.511982,52.111218
-0.491918,52.111611
-0.513613,52.110906
-0.486636,52.108450
-0.494644,52.108697
-0.486636,52.108450
-0.486636,52.108450
-0.485354,52.108353
-0.486636,52.108450
-0.486636,52.108450
-0.486636,52.108450
-0.496488,52.110330
-0.499155,52.107441
-0.491918,52.111611
-0.496488,52.110330
-0.513613,52.110906
-0.486948,52.110028
-0.482803,52.109525
-0.482807,52.116286
-0.487722,52.110865
-0.481214,52.115466
-0.488974,52.113587
-0.491676,52.112723
-0.488974,52.113587
-0.418785,52.093362
-0.431375,52.111064
-0.416704,52.093191
-0.416704,52.093191
-0.431375,52.111064
-0.434939,52.120633
-0.431375,52.111064
-0.431375,52.111064
-0.431375,52.111064
-0.431873,52.108526
-0.416947,52.096215
-0.432112,52.112117
-0.432112,52.112117
-0.436372,52.108505
-0.432866,52.112279
-0.436372,52.108505
-0.435308,52.110091
-0.459475,52.090233
-0.463337,52.092099
-0.464988,52.088237
-0.460037,52.092137
-0.468930,52.090760
-0.461507,52.087580
-0.463085,52.089237
-0.460650,52.094672
-0.461507,52.087580
-0.449555,52.080365
-0.445930,52.074248
-0.448967,52.081337
-0.463209,52.114513
-0.472042,52.115878
-0.477113,52.114514
-0.466426,52.098218
-0.460305,52.113612
-0.463623,52.113961
-0.482061,52.109003
-0.466426,52.098218
-0.463623,52.113961
-0.461663,52.112344
-0.472845,52.117174
-0.458189,52.113566
-0.466975,52.115434
-0.463623,52.113961
-0.476821,52.114501
-0.476821,52.114501
-0.480915,52.106210
-0.480915,52.106210
-0.480915,52.106210
-0.480915,52.106210
-0.481305,52.104623
-0.484530,52.108099
-0.484530,52.108099
-0.484530,52.108099
-0.484530,52.108099
-0.476821,52.114501
-0.467512,52.119361
-0.523714,52.093347
-0.531615,52.093698
-0.539579,52.092979
-0.523714,52.093347
-0.527344,52.095713
-0.515771,52.070095
-0.513286,52.068490
-0.512886,52.067334
-0.508167,52.069738
-0.512886,52.067334
-0.512886,52.067334
-0.513286,52.068490
-0.513286,52.068490
-0.513286,52.068490
-0.514452,52.069377
-0.506964,52.066855
-0.508606,52.067073
-0.508606,52.067073
-0.508606,52.067073
-0.489511,52.084309
-0.513286,52.068490
-0.523867,52.099329
-0.530424,52.100615
-0.527220,52.103462
-0.530424,52.100615
-0.525349,52.101757
-0.525107,52.098031
-0.526797,52.099041
-0.531159,52.098251
-0.525107,52.098031
-0.525107,52.098031
-0.534765,52.094663
-0.531159,52.098251
-0.526797,52.099041
-0.289244,52.136062
-0.290237,52.134943
-0.290339,52.136860
-0.289244,52.136062
-0.289244,52.136062
-0.290339,52.136860
-0.289244,52.136062
-0.290339,52.136860
-0.289893,52.135891
-0.293987,52.135069
-0.289244,52.136062
-0.290237,52.134943
-0.289893,52.135891
-0.290339,52.136860
-0.288075,52.134525
-0.286675,52.134469
-0.293694,52.132781
-0.286675,52.134469
-0.290479,52.132429
-0.293694,52.132781
-0.290804,52.142630
-0.292757,52.140482
-0.297240,52.138650
-0.290896,52.140626
-0.297536,52.133565
-0.298575,52.136610
-0.298575,52.136610
-0.296823,52.131972
-0.297827,52.135907
-0.299499,52.131130
-0.299852,52.139919
-0.299499,52.131130
-0.293288,52.129655
-0.282698,52.124655
-0.284875,52.125793
-0.281490,52.124539
-0.298170,52.128062
-0.293288,52.129655
-0.290078,52.128773
-0.288468,52.128857
-0.298170,52.128062
-0.298170,52.128062
-0.298170,52.128062
-0.282716,52.124197
-0.291689,52.127915
-0.296545,52.126232
-0.294870,52.126855
-0.294870,52.126855
-0.294202,52.119868
-0.281098,52.129038
-0.288990,52.130861
-0.281098,52.129038
-0.285491,52.131817
-0.281098,52.129038
-0.237720,52.125367
-0.287781,52.129261
-0.289780,52.129685
-0.285574,52.130416
-0.287781,52.129261
-0.283344,52.127236
-0.287900,52.129586
-0.287900,52.129586
-0.283973,52.129880
-0.287900,52.129586
-0.287900,52.129586
-0.260704,52.130879
-0.260704,52.130879
-0.284522,52.142961
-0.286585,52.129963
-0.230271,52.053404
-0.196259,52.084152
-0.199915,52.081798
-0.213483,52.111164
-0.212806,52.125891
-0.212806,52.125891
-0.212806,52.125891
-0.212806,52.125891
-0.239526,52.144043
-0.223229,52.129394
-0.218782,52.128059
-0.212883,52.127241
-0.219049,52.132361
-0.215327,52.132260
-0.214404,52.131949
-0.210271,52.130097
-0.215327,52.132260
-0.213257,52.128488
-0.213257,52.128488
-0.211185,52.125138
-0.217858,52.125959
-0.218541,52.129332
-0.290345,52.075232
-0.290345,52.075232
-0.290345,52.075232
-0.323276,52.064412
-0.323276,52.064412
-0.326145,52.086383
-0.326145,52.086383
-0.298810,52.099362
-0.284806,52.099797
-0.288694,52.098172
-0.273788,52.093621
-0.273788,52.093621
-0.273788,52.093621
-0.273788,52.093621
-0.288694,52.098172
-0.298697,52.098110
-0.315676,52.146935
-0.320963,52.146273
-0.322456,52.145045
-0.324806,52.148630
-0.290525,52.170913
-0.321204,52.144128
-0.311107,52.116263
-0.331602,52.129071
-0.299991,52.100179
-0.259121,52.083775
-0.259500,52.078530
-0.265217,52.090663
-0.263329,52.089295
-0.257587,52.090928
-0.255836,52.087917
-0.262592,52.089087
-0.259583,52.087658
-0.260040,52.091270
-0.264092,52.090314
-0.259978,52.090622
-0.263014,52.086872
-0.263014,52.086872
-0.266216,52.086353
-0.263014,52.086872
-0.268409,52.091168
-0.262354,52.085837
-0.265426,52.085280
-0.260033,52.087700
-0.262626,52.086345
-0.262992,52.087438
-0.266216,52.086353
-0.264250,52.085874
-0.263014,52.086872
-0.264250,52.085874
-0.264250,52.085874
-0.262992,52.087438
-0.264250,52.085874
-0.266216,52.086353
-0.262992,52.087438
-0.265426,52.085280
-0.266216,52.086353
-0.264250,52.085874
-0.266216,52.086353
-0.263900,52.086238
-0.266216,52.086353
-0.262992,52.087438
-0.263900,52.086238
-0.261424,52.086462
-0.261424,52.086462
-0.262992,52.087438
-0.262992,52.087438
-0.264840,52.082700
-0.263725,52.082459
-0.271041,52.071399
-0.266666,52.081144
-0.266738,52.082683
-0.253562,52.095319
-0.253562,52.095319
-0.257917,52.093693
-0.255812,52.079554
-0.240766,52.068028
-0.244738,52.076881
-0.240766,52.068028
-0.244738,52.076881
-0.244738,52.076881
-0.256978,52.078088
-0.259456,52.077783
-0.255013,52.084686
-0.254829,52.081932
-0.253792,52.083067
-0.254829,52.081932
-0.246913,52.082812
-0.247025,52.079964
-0.238523,52.089431
-0.246913,52.082812
-0.246913,52.082812
-0.245369,52.079382
-0.246913,52.082812
-0.246129,52.078979
-0.246913,52.082812
-0.254090,52.092621
-0.253259,52.091475
-0.249025,52.092240
-0.248639,52.097620
-0.249025,52.092240
-0.253259,52.091475
-0.252021,52.091781
-0.253259,52.091475
-0.250509,52.092361
-0.252977,52.092352
-0.607920,52.013810
-0.633537,52.020026
-0.628337,52.014229
-0.628337,52.014229
-0.624107,52.012463
-0.628337,52.014229
-0.593152,52.076736
-0.600440,52.074655
-0.600440,52.074655
-0.600440,52.074655
-0.600440,52.074655
-0.602786,52.072435
-0.602178,52.073201
-0.602178,52.073201
-0.609874,52.069696
-0.610720,52.066424
-0.660791,52.052186
-0.610720,52.066424
-0.599743,52.076877
-0.599999,52.076152
-0.610720,52.066424
-0.396887,52.068565
-0.396055,52.067762
-0.396055,52.067762
-0.396055,52.067762
-0.396055,52.067762
-0.472645,52.063619
-0.463901,52.066328
-0.425691,52.027772
-0.485134,52.021287
-0.425691,52.027772
-0.464009,52.018082
-0.435108,52.023591
-0.454767,52.018599
-0.424976,52.026972
-0.464009,52.018082
-0.467419,52.029617
-0.464009,52.018082
-0.472525,52.032057
-0.449251,52.026817
-0.472525,52.032057
-0.473675,52.031668
-0.463950,52.031712
-0.417604,52.033895
-0.410322,52.032035
-0.410322,52.032035
-0.415973,52.032174
-0.417209,52.029790
-0.417209,52.029790
-0.398721,52.033595
-0.417209,52.029790
-0.424905,52.028994
-0.426518,52.028710
-0.534483,52.065861
-0.550517,52.045073
-0.554137,52.042267
-0.534483,52.065861
-0.562129,52.042212
-0.534483,52.065861
-0.558777,52.039897
-0.561108,52.041310
-0.531454,52.070579
-0.554573,52.062197
-0.554747,52.064025
-0.554747,52.064025
-0.554747,52.064025
-0.554747,52.064025
-0.577388,52.075962
-0.554747,52.064025
-0.542859,52.071170
-0.556062,52.059905
-0.546466,52.066584
-0.547559,52.073818
-0.546065,52.064997
-0.546065,52.064997
-0.550454,52.065069
-0.550154,52.062611
-0.549276,52.060901
-0.546065,52.064997
-0.547834,52.063095
-0.550454,52.065069
-0.586467,52.019471
-0.580597,52.016613
-0.618392,51.986995
-0.619725,51.991507
-0.619725,51.991507
-0.619105,51.988937
-0.619725,51.991507
-0.620024,51.990305
-0.654538,52.002537
-0.651461,52.004093
-0.620024,51.990305
-0.620024,51.990305
-0.620024,51.990305
-0.264989,52.001283
-0.267707,51.996926
-0.267672,52.007248
-0.267707,51.996926
-0.266356,52.003218
-0.266356,52.003218
-0.267402,51.998405
-0.267402,51.998405
-0.267707,51.996926
-0.265012,52.004089
-0.267402,51.998405
-0.265012,52.004089
-0.264741,52.002799
-0.261333,52.020822
-0.261798,52.022735
-0.265447,52.019201
-0.261333,52.020822
-0.262990,52.016036
-0.257559,52.024543
-0.261333,52.020822
-0.266143,52.021558
-0.263355,52.022407
-0.263717,52.010058
-0.263584,52.006729
-0.263717,52.010058
-0.264678,52.007069
-0.274058,52.046132
-0.274394,52.049158
-0.268610,52.061445
-0.273294,52.050823
-0.273294,52.050823
-0.268610,52.061445
-0.271302,52.053311
-0.271391,52.061972
-0.268610,52.061445
-0.271302,52.053311
-0.271302,52.053311
-0.282832,52.032943
-0.288804,52.029263
-0.285749,52.030630
-0.286543,52.029688
-0.284750,52.032737
-0.285835,52.033715
-0.347098,52.046657
-0.334454,52.039619
-0.334454,52.039619
-0.335468,52.043329
-0.334553,52.040870
-0.338968,52.038199
-0.338968,52.038199
-0.335468,52.043329
-0.347098,52.046657
-0.335351,52.043714
-0.338968,52.038199
-0.333030,52.041837
-0.335637,52.037981
-0.338968,52.038199
-0.335637,52.037981
-0.335637,52.037981
-0.331661,52.038275
-0.327186,52.035119
-0.338931,52.037227
-0.346913,52.036638
-0.338931,52.037227
-0.337582,52.036642
-0.340797,52.036444
-0.337582,52.036642
-0.337223,52.034946
-0.337223,52.034946
-0.334960,52.033449
-0.337582,52.036642
-0.334462,52.035465
-0.334462,52.035465
-0.322336,52.035383
-0.316578,52.025661
-0.321075,52.036354
-0.322336,52.035383
-0.330003,52.035411
-0.330602,52.033810
-0.334462,52.035465
-0.364667,52.047136
-0.378106,52.012678
-0.367021,52.001744
-0.366895,52.000420
-0.353589,51.996989
-0.358779,51.994894
-0.358779,51.994894
-0.356557,51.997489
-0.370735,51.960029
-0.370735,51.960029
-0.493113,52.025849
-0.494202,52.025557
-0.491033,52.023574
-0.494202,52.025557
-0.490901,52.028347
-0.493859,52.027935
-0.487121,52.023308
-0.502981,52.016255
-0.501955,52.022958
-0.520732,52.024140
-0.520732,52.024140
-0.520732,52.024140
-0.520732,52.024140
-0.493186,52.032359
-0.495085,52.033553
-0.501758,52.031489
-0.493186,52.032359
-0.493458,52.028605
-0.495511,52.028685
-0.493141,52.029374
-0.493458,52.028605
-0.490911,52.032375
-0.498249,52.030059
-0.494528,52.029302
-0.298266,52.036899
-0.297954,52.038603
-0.297954,52.038603
-0.297954,52.038603
-0.297954,52.038603
-0.297954,52.038603
-0.301862,52.034730
-0.299191,52.034053
-0.300102,52.033472
-0.299191,52.034053
-0.296012,52.039824
-0.316084,52.025609
-0.303998,52.036460
-0.303998,52.036460
-0.303920,52.037358
-0.304848,52.037497
-0.306765,52.036554
-0.342198,52.015927
-0.345907,52.011771
-0.343646,52.014599
-0.321150,52.000487
-0.303857,52.005500
-0.321150,52.000487
-0.318764,52.001164
-0.303882,52.006786
-0.304686,52.007858
-0.321496,52.002515
-0.317068,52.003270
-0.321150,52.000487
-0.321150,52.000487
-0.320112,52.003296
-0.320112,52.003296
-0.303857,52.005500
-0.320112,52.003296
-0.302511,52.005282
-0.295176,52.010428
-0.302511,52.005282
-0.230273,52.020126
-0.232993,52.016561
-0.233886,52.015711
-0.231050,52.019625
-0.228153,52.015490
-0.225031,52.019264
-0.222192,52.014402
-0.223875,52.011289
-0.226844,52.013582
-0.215323,52.028820
-0.223860,52.014238
-0.223860,52.014238
-0.215323,52.028820
-0.215323,52.028820
-0.226517,52.013757
-0.227695,52.013442
-0.223875,52.011289
-0.223875,52.011289
-0.215323,52.028820
-0.225150,52.020678
-0.227628,52.019196
-0.226585,52.021967
-0.226014,52.031625
-0.229870,52.021846
-0.227050,52.023854
-0.227628,52.019196
-0.236668,52.008703
-0.233941,52.011737
-0.235988,52.010078
-0.229743,52.013617
-0.229743,52.013617
-0.229743,52.013617
-0.247709,52.001342
-0.501224,52.012141
-0.499325,52.011839
-0.500095,52.014078
-0.498946,52.011843
-0.501224,52.012141
-0.500095,52.014078
-0.502871,52.013439
-0.491988,52.009038
-0.491152,52.008767
-0.486930,52.006510
-0.491152,52.008767
-0.488228,52.007776
-0.486051,52.004934
-0.486295,52.008066
-0.486051,52.004934
-0.493117,52.009251
-0.493056,52.006292
-0.497219,52.006848
-0.494855,52.010424
-0.497219,52.006848
-0.496917,52.009344
-0.488898,52.000403
-0.484955,52.002861
-0.488799,52.001625
-0.495462,51.997996
-0.495948,51.998686
-0.508871,51.998194
-0.503545,51.998036
-0.496136,52.003076
-0.496282,52.002655
-0.496136,52.003076
-0.499917,51.998485
-0.501348,51.999258
-0.501385,51.999897
-0.496282,52.002655
-0.496136,52.003076
-0.496282,52.002655
-0.502939,51.999593
-0.499917,51.998485
-0.496714,52.001492
-0.499917,51.998485
-0.496714,52.001492
-0.496714,52.001492
-0.499649,52.008255
-0.500896,52.007552
-0.502431,52.006097
-0.497979,52.004610
-0.503440,52.005552
-0.463996,52.003579
-0.458681,52.011566
-0.462769,52.004938
-0.450836,51.996546
-0.494016,51.962507
-0.494189,51.960818
-0.487911,51.966160
-0.491290,51.967390
-0.491290,51.967390
-0.491290,51.967390
-0.490700,51.962842
-0.491290,51.967390
-0.488562,51.965413
-0.491476,51.967923
-0.488562,51.965413
-0.429307,52.005702
-0.426765,52.009210
-0.429307,52.005702
-0.429307,52.005702
-0.447549,52.009037
-0.426551,52.006582
-0.426551,52.006582
-0.428927,52.009482
-0.429307,52.005702
-0.429307,52.005702
-0.423362,52.009021
-0.429307,52.005702
-0.471746,51.970222
-0.495698,51.979216
-0.496820,51.982243
-0.497904,51.979874
-0.495698,51.979216
-0.495414,51.982045
-0.495698,51.979216
-0.495698,51.979216
-0.495698,51.979216
-0.472407,51.970473
-0.429970,51.970095
-0.428240,51.972940
-0.428240,51.972940
-0.428240,51.972940
-0.429636,51.968391
-0.432025,51.968360
-0.427232,51.968449
-0.427232,51.968449
-0.424402,51.968222
-0.420169,51.964803
-0.425438,51.961079
-0.425438,51.961079
-0.425438,51.961079
-0.425438,51.961079
-0.420825,51.964767
-0.438587,51.972224
-0.438587,51.972224
-0.426742,51.967058
-0.426742,51.967058
-0.426742,51.967058
-0.425930,51.967793
-0.438587,51.972224
-0.422386,51.967989
-0.422386,51.967989
-0.422386,51.967989
-0.422368,51.920396
-0.482277,51.937719
-0.482277,51.937719
-0.477148,51.931098
-0.422368,51.920396
-0.482277,51.937719
-0.482277,51.937719
-0.477337,51.923359
-0.441861,51.942029
-0.441861,51.942029
-0.416048,51.912389
-0.482667,51.938237
-0.416092,51.913217
-0.440915,51.944570
-0.482667,51.938237
-0.482667,51.938237
-0.444439,51.946163
-0.450629,51.963706
-0.440915,51.944570
-0.581451,51.929677
-0.645790,51.958820
-0.660486,51.945753
-0.657910,51.946758
-0.582651,51.928513
-0.657910,51.946758
-0.588436,51.931874
-0.656139,51.949543
-0.656139,51.949543
-0.657348,51.944629
-0.655359,51.941073
-0.656261,51.946424
-0.656409,51.949258
-0.656139,51.949543
-0.657879,51.942414
-0.618131,51.895118
-0.632221,51.893916
-0.642574,51.886969
-0.619545,51.917730
-0.578494,51.910013
-0.619545,51.917730
-0.615645,51.907902
-0.618131,51.895118
-0.640393,51.902445
-0.561148,51.901898
-0.641220,51.897671
-0.582623,51.908624
-0.615645,51.907902
-0.618131,51.895118
-0.574829,51.923842
-0.575308,51.908230
-0.615645,51.907902
-0.619545,51.917730
-0.619545,51.917730
-0.617254,51.915644
-0.617254,51.915644
-0.569931,51.920069
-0.644103,51.892651
-0.644103,51.892651
-0.579697,51.910144
-0.644103,51.892651
-0.619545,51.917730
-0.644103,51.892651
-0.619545,51.917730
-0.644103,51.892651
-0.530962,51.948101
-0.509358,51.963790
-0.502531,51.927971
-0.502141,51.925277
-0.488673,51.925726
-0.530965,51.947103
-0.503215,51.946763
-0.533432,51.949993
-0.501441,51.925772
-0.536975,51.943968
-0.535006,51.941426
-0.503215,51.946763
-0.503215,51.946763
-0.503215,51.946763
-0.503215,51.946763
-0.503215,51.946763
-0.503215,51.946763
-0.503215,51.946763
-0.503215,51.946763
-0.503215,51.946763
-0.503215,51.946763
-0.503215,51.946763
-0.503215,51.946763
-0.503215,51.946763
-0.503215,51.946763
-0.535006,51.941426
-0.518102,51.956401
-0.536867,51.948166
-0.534209,51.948484
-0.534276,51.943278
-0.534276,51.943278
-0.537186,51.945976
-0.534276,51.943278
-0.534276,51.943278
-0.534276,51.943278
-0.534276,51.943278
-0.533066,51.947390
-0.532004,51.945147
-0.532004,51.945147
-0.532004,51.945147
-0.532004,51.945147
-0.534576,51.939452
-0.534988,51.941992
-0.534376,51.940213
-0.532004,51.945147
-0.533066,51.947390
-0.647712,51.924918
-0.650409,51.920840
-0.645310,51.922579
-0.647712,51.924918
-0.646310,51.923202
-0.645559,51.923985
-0.646310,51.923202
-0.645559,51.923985
-0.645310,51.922579
-0.647712,51.924918
-0.647712,51.924918
-0.639684,51.920617
-0.639684,51.920617
-0.639684,51.920617
-0.642332,51.920090
-0.639371,51.924228
-0.639684,51.920617
-0.643924,51.921304
-0.642954,51.923083
-0.638269,51.921734
-0.637041,51.921441
-0.635962,51.919648
-0.635374,51.918409
-0.635374,51.918409
-0.638269,51.921734
-0.654514,51.936729
-0.658902,51.929586
-0.655448,51.937621
-0.655448,51.937621
-0.658940,51.935125
-0.656488,51.932993
-0.658915,51.935988
-0.658915,51.935988
-0.658915,51.935988
-0.646697,51.926776
-0.656285,51.935886
-0.661541,51.923979
-0.662173,51.928661
-0.661541,51.923979
-0.661541,51.923979
-0.678259,51.935092
-0.662173,51.928661
-0.666222,51.931908
-0.678259,51.935092
-0.662173,51.928661
-0.660483,51.919480
-0.658034,51.914327
-0.664498,51.918923
-0.657267,51.917618
-0.656029,51.915248
-0.664498,51.918923
-0.664630,51.915463
-0.658114,51.916998
-0.661077,51.916601
-0.662078,51.918167
-0.661650,51.916886
-0.661726,51.917291
-0.664498,51.918923
-0.664707,51.916795
-0.664498,51.918923
-0.659876,51.915930
-0.662906,51.919157
-0.661077,51.916601
-0.664498,51.918923
-0.661650,51.916886
-0.657267,51.917618
-0.660483,51.919480
-0.664074,51.917057
-0.661247,51.915308
-0.664498,51.918923
-0.660483,51.919480
-0.664498,51.918923
-0.662906,51.919157
-0.660194,51.914028
-0.658338,51.913872
-0.663068,51.916156
-0.663068,51.916156
-0.663053,51.914717
-0.657472,51.914132
-0.657472,51.914132
-0.657472,51.914132
-0.657472,51.914132
-0.661077,51.916601
-0.657472,51.914132
-0.657472,51.914132
-0.661247,51.915308
-0.661247,51.915308
-0.663068,51.916156
-0.662078,51.918167
-0.661650,51.916886
-0.662798,51.916449
-0.662798,51.916449
-0.662798,51.916449
-0.662798,51.916449
-0.662798,51.916449
-0.657472,51.914132
-0.660194,51.914028
-0.659253,51.915860
-0.662798,51.916449
-0.663068,51.916156
-0.659876,51.915930
-0.663068,51.916156
-0.658508,51.915483
-0.663068,51.916156
-0.664498,51.918923
-0.664498,51.918923
-0.664498,51.918923
-0.664498,51.918923
-0.662906,51.919157
-0.655306,51.916562
-0.655039,51.918699
-0.652067,51.919357
-0.651514,51.917444
-0.653340,51.919084
-0.651514,51.917444
-0.652067,51.919357
-0.653340,51.919084
-0.655039,51.918699
-0.655039,51.918699
-0.662451,51.920761
-0.668903,51.916977
-0.668903,51.916977
-0.668903,51.916977
-0.661779,51.922831
-0.667109,51.916174
-0.662086,51.921314
-0.665717,51.916069
-0.661779,51.922831
-0.668903,51.916977
-0.664969,51.920709
-0.662086,51.921314
-0.664660,51.920337
-0.668903,51.916977
-0.668903,51.916977
-0.668303,51.915648
-0.669472,51.918404
-0.668303,51.915648
-0.668303,51.915648
-0.669472,51.918404
-0.669472,51.918404
-0.662451,51.920761
-0.665717,51.916069
-0.662086,51.921314
-0.654200,51.920973
-0.658327,51.923502
-0.659736,51.923059
-0.654200,51.920973
-0.657068,51.923298
-0.658327,51.923502
-0.654200,51.920973
-0.659762,51.926089
-0.654200,51.920973
-0.655058,51.924390
-0.655864,51.927106
-0.653629,51.925471
-0.654683,51.926697
-0.651301,51.924060
-0.655058,51.924390
-0.652312,51.927209
-0.650116,51.926222
-0.655058,51.924390
-0.655833,51.926656
-0.651301,51.924060
-0.651301,51.924060
-0.675683,51.918339
-0.672286,51.916152
-0.681387,51.920678
-0.678715,51.921520
-0.675683,51.918339
-0.675487,51.914102
-0.675487,51.914102
-0.675487,51.914102
-0.671346,51.915017
-0.671346,51.915017
-0.671346,51.915017
-0.681387,51.920678
-0.671452,51.916331
-0.676846,51.922785
-0.666141,51.925290
-0.674297,51.921426
-0.672923,51.923164
-0.671186,51.920905
-0.671186,51.920905
-0.675099,51.908532
-0.675099,51.908532
-0.675983,51.910115
-0.675099,51.908532
-0.675099,51.908532
-0.671757,51.911902
-0.677207,51.910516
-0.673395,51.910104
-0.679541,51.922635
-0.689784,51.923919
-0.679541,51.922635
-0.679541,51.922635
-0.689784,51.923919
-0.677877,51.917878
-0.682846,51.913061
-0.691490,51.916781
-0.687195,51.917470
-0.684522,51.913898
-0.684524,51.914833
-0.644929,51.917845
-0.644929,51.917845
-0.653528,51.913304
-0.650171,51.906954
-0.656776,51.913099
-0.648186,51.907219
-0.650171,51.906954
-0.648186,51.907219
-0.648186,51.907219
-0.650171,51.906954
-0.648034,51.907424
-0.652447,51.915882
-0.655767,51.913780
-0.650171,51.906954
-0.648186,51.907219
-0.648186,51.907219
-0.650171,51.906954
-0.645522,51.910236
-0.656776,51.913099
-0.656776,51.913099
-0.650171,51.906954
-0.650171,51.906954
-0.650171,51.906954
-0.648034,51.907424
-0.656776,51.913099
-0.648186,51.907219
-0.650171,51.906954
-0.648034,51.907424
-0.648199,51.907741
-0.655280,51.907687
-0.648199,51.907741
-0.653528,51.913304
-0.657057,51.911484
-0.653528,51.913304
-0.657876,51.907905
-0.656219,51.912283
-0.654213,51.911793
-0.660839,51.909459
-0.654213,51.911793
-0.662724,51.907673
-0.645691,51.913331
-0.643546,51.911167
-0.641348,51.907887
-0.646622,51.906536
-0.645763,51.907524
-0.645763,51.907524
-0.645763,51.907524
-0.647451,51.907004
-0.643316,51.907693
-0.645763,51.907524
-0.644871,51.907226
-0.645763,51.907524
-0.647451,51.907004
-0.649141,51.905405
-0.650101,51.903465
-0.639278,51.908555
-0.650101,51.903465
-0.644672,51.906127
-0.650101,51.903465
-0.636208,51.908169
-0.644672,51.906127
-0.635825,51.914566
-0.638778,51.917397
-0.649391,51.901460
-0.649391,51.901460
-0.649391,51.901460
-0.650101,51.903465
-0.649391,51.901460
-0.644672,51.906127
-0.640100,51.914544
-0.636208,51.908169
-0.497970,51.908194
-0.499853,51.910142
-0.497970,51.908194
-0.497970,51.908194
-0.497970,51.908194
-0.500669,51.907024
-0.499853,51.910142
-0.498934,51.907191
-0.498934,51.907191
-0.499135,51.911617
-0.492115,51.906348
-0.500669,51.907024
-0.499135,51.911617
-0.500669,51.907024
-0.498053,51.909202
-0.497970,51.908194
-0.499135,51.911617
-0.498053,51.909202
-0.509327,51.912924
-0.507145,51.911215
-0.507145,51.911215
-0.502422,51.909825
-0.507145,51.911215
-0.509327,51.912924
-0.503590,51.910999
-0.502422,51.909825
-0.503590,51.910999
-0.503590,51.910999
-0.506319,51.911996
-0.506319,51.911996
-0.507145,51.911215
-0.509270,51.911584
-0.502422,51.909825
-0.507476,51.913054
-0.507476,51.913054
-0.506319,51.911996
-0.507145,51.911215
-0.507145,51.911215
-0.509327,51.912924
-0.509270,51.911584
-0.509327,51.912924
-0.507476,51.913054
-0.509234,51.906944
-0.509234,51.906944
-0.510453,51.907903
-0.510453,51.907903
-0.509234,51.906944
-0.509234,51.906944
-0.508129,51.908710
-0.513066,51.908907
-0.513066,51.908907
-0.510978,51.910922
-0.510453,51.907903
-0.510453,51.907903
-0.512069,51.908715
-0.513066,51.908907
-0.509234,51.906944
-0.510453,51.907903
-0.510453,51.907903
-0.510978,51.910922
-0.509227,51.909794
-0.510978,51.910922
-0.513066,51.908907
-0.510453,51.907903
-0.510453,51.907903
-0.510978,51.910922
-0.510453,51.907903
-0.509234,51.906944
-0.509227,51.909794
-0.513066,51.908907
-0.510978,51.910922
-0.509227,51.909794
-0.510453,51.907903
-0.510453,51.907903
-0.509227,51.909794
-0.510978,51.910922
-0.509227,51.909794
-0.513066,51.908907
-0.518399,51.912050
-0.517907,51.911549
-0.522162,51.908599
-0.521814,51.907678
-0.518399,51.912050
-0.519713,51.909675
-0.519713,51.909675
-0.518399,51.912050
-0.518399,51.912050
-0.522162,51.908599
-0.516756,51.911184
-0.530085,51.912160
-0.518399,51.912050
-0.519713,51.909675
-0.507826,51.916106
-0.513206,51.914340
-0.511441,51.916269
-0.510150,51.913097
-0.510150,51.913097
-0.507826,51.916106
-0.510150,51.913097
-0.511158,51.914269
-0.512985,51.912233
-0.510150,51.913097
-0.514922,51.911242
-0.512801,51.915594
-0.508704,51.916387
-0.512801,51.915594
-0.514922,51.911242
-0.514922,51.911242
-0.509038,51.914179
-0.514922,51.911242
-0.511441,51.916269
-0.510150,51.913097
-0.527037,51.899102
-0.521434,51.899320
-0.544298,51.901538
-0.524082,51.899695
-0.520927,51.903710
-0.521167,51.900809
-0.521434,51.899320
-0.523250,51.903344
-0.544298,51.901538
-0.529559,51.903765
-0.523250,51.903344
-0.526185,51.894057
-0.527527,51.895242
-0.527990,51.901983
-0.529559,51.903765
-0.523250,51.903344
-0.524739,51.903165
-0.520927,51.903710
-0.524245,51.902691
-0.524739,51.903165
-0.524245,51.902691
-0.520927,51.903710
-0.528077,51.903764
-0.529559,51.903765
-0.523250,51.903344
-0.524245,51.902691
-0.527037,51.899102
-0.528077,51.903764
-0.520927,51.903710
-0.525500,51.904757
-0.525536,51.906340
-0.527032,51.901917
-0.527947,51.906856
-0.527947,51.906856
-0.521206,51.906726
-0.505757,51.901792
-0.500053,51.905020
-0.505757,51.901792
-0.503674,51.902782
-0.502998,51.903016
-0.507083,51.904318
-0.503280,51.903703
-0.501849,51.905205
-0.501849,51.905205
-0.502998,51.903016
-0.500053,51.905020
-0.502502,51.903504
-0.502998,51.903016
-0.502998,51.903016
-0.502998,51.903016
-0.503280,51.903703
-0.505361,51.906715
-0.500053,51.905020
-0.502502,51.903504
-0.509309,51.904679
-0.504683,51.903487
-0.503674,51.902782
-0.506396,51.908364
-0.506396,51.908364
-0.500692,51.904605
-0.502502,51.903504
-0.503012,51.905219
-0.503280,51.903703
-0.506396,51.908364
-0.503816,51.904205
-0.503674,51.902782
-0.507620,51.907840
-0.500692,51.904605
-0.500053,51.905020
-0.503674,51.902782
-0.504572,51.895888
-0.519920,51.905136
-0.517005,51.904506
-0.519920,51.905136
-0.520097,51.905957
-0.508343,51.903561
-0.517005,51.904506
-0.508343,51.903561
-0.518380,51.897169
-0.517931,51.902864
-0.519752,51.903633
-0.514803,51.906034
-0.514803,51.906034
-0.517931,51.902864
-0.519920,51.905136
-0.519826,51.901817
-0.517005,51.904506
-0.510416,51.906392
-0.510416,51.906392
-0.517005,51.904506
-0.517931,51.902864
-0.517005,51.904506
-0.510416,51.906392
-0.517005,51.904506
-0.518380,51.897169
-0.517005,51.904506
-0.517005,51.904506
-0.519920,51.905136
-0.519920,51.905136
-0.519920,51.905136
-0.514803,51.906034
-0.507277,51.902855
-0.518380,51.897169
-0.519804,51.907796
-0.518695,51.905256
-0.519178,51.906053
-0.518695,51.905256
-0.518695,51.905256
-0.515617,51.905586
-0.518695,51.905256
-0.516009,51.907821
-0.516250,51.908894
-0.519804,51.907796
-0.516250,51.908894
-0.498592,51.892602
-0.496630,51.890841
-0.498592,51.892602
-0.499735,51.893183
-0.494969,51.890559
-0.494969,51.890559
-0.498105,51.888891
-0.495006,51.891630
-0.492943,51.889005
-0.491004,51.889196
-0.484683,51.890472
-0.487565,51.892488
-0.487565,51.892488
-0.488924,51.889673
-0.485488,51.888567
-0.488924,51.889673
-0.491564,51.893708
-0.491564,51.893708
-0.485488,51.888567
-0.485488,51.888567
-0.484683,51.890472
-0.484683,51.890472
-0.484683,51.890472
-0.484683,51.890472
-0.491004,51.889196
-0.488924,51.889673
-0.484683,51.890472
-0.487565,51.892488
-0.501987,51.887942
-0.499885,51.894794
-0.503822,51.889593
-0.507716,51.887404
-0.513142,51.890727
-0.501221,51.885631
-0.510814,51.894349
-0.501221,51.885631
-0.507716,51.887404
-0.504444,51.893611
-0.510814,51.894349
-0.507716,51.887404
-0.499992,51.897682
-0.507716,51.887404
-0.512408,51.888776
-0.512408,51.888776
-0.502357,51.886877
-0.507716,51.887404
-0.498826,51.894286
-0.494440,51.892890
-0.494440,51.892890
-0.496810,51.892867
-0.543688,51.881300
-0.543688,51.881300
-0.538608,51.881587
-0.540649,51.884058
-0.538608,51.881587
-0.538608,51.881587
-0.541131,51.883084
-0.538608,51.881587
-0.540649,51.884058
-0.538608,51.881587
-0.538608,51.881587
-0.537170,51.890993
-0.545234,51.888314
-0.545234,51.888314
-0.545390,51.889323
-0.544288,51.887466
-0.544288,51.887466
-0.542615,51.889774
-0.543389,51.890539
-0.542615,51.889774
-0.543654,51.889985
-0.535075,51.884358
-0.537321,51.888558
-0.534352,51.890049
-0.535681,51.886730
-0.535075,51.884358
-0.535075,51.884358
-0.534564,51.885322
-0.534352,51.890049
-0.535075,51.884358
-0.534564,51.885322
-0.534352,51.890049
-0.537321,51.888558
-0.535075,51.884358
-0.535017,51.889716
-0.532827,51.884671
-0.535432,51.888121
-0.535432,51.888121
-0.537501,51.882122
-0.532827,51.884671
-0.540606,51.886755
-0.535432,51.888121
-0.538968,51.884388
-0.536545,51.882919
-0.538490,51.896881
-0.543018,51.896640
-0.539847,51.896700
-0.543018,51.896640
-0.543018,51.896640
-0.543018,51.896640
-0.543018,51.896640
-0.543018,51.896640
-0.543018,51.896640
-0.534422,51.897738
-0.535100,51.895211
-0.535100,51.895211
-0.536707,51.897173
-0.530905,51.895033
-0.536707,51.897173
-0.536707,51.897173
-0.535922,51.895401
-0.536707,51.897173
-0.532155,51.894590
-0.530905,51.895033
-0.536707,51.897173
-0.534422,51.897738
-0.536707,51.897173
-0.536707,51.897173
-0.536707,51.897173
-0.532155,51.894590
-0.535100,51.895211
-0.532473,51.895996
-0.538117,51.895374
-0.532473,51.895996
-0.530905,51.895033
-0.534422,51.897738
-0.532155,51.894590
-0.530905,51.895033
-0.535100,51.895211
-0.538117,51.895374
-0.530790,51.890544
-0.530790,51.890544
-0.529756,51.893733
-0.530463,51.892114
-0.529756,51.893733
-0.530905,51.895033
-0.533220,51.894900
-0.525601,51.882585
-0.526414,51.880392
-0.530670,51.878198
-0.524125,51.882396
-0.526414,51.880392
-0.526414,51.880392
-0.519473,51.884711
-0.525601,51.882585
-0.525601,51.882585
-0.525601,51.882585
-0.525601,51.882585
-0.525601,51.882585
-0.525601,51.882585
-0.520593,51.884653
-0.525601,51.882585
-0.524125,51.882396
-0.520028,51.883288
-0.525601,51.882585
-0.524944,51.877353
-0.524944,51.877353
-0.529203,51.880409
-0.519473,51.884711
-0.522011,51.878206
-0.519473,51.884711
-0.522820,51.884088
-0.524125,51.882396
-0.522820,51.884088
-0.522820,51.884088
-0.525601,51.882585
-0.529946,51.877217
-0.533532,51.882208
-0.533232,51.878922
-0.529287,51.884061
-0.533232,51.878922
-0.533232,51.878922
-0.524434,51.884495
-0.533232,51.878922
-0.529287,51.884061
-0.524434,51.884495
-0.523518,51.884969
-0.523518,51.884969
-0.532691,51.878573
-0.529287,51.884061
-0.529287,51.884061
-0.533232,51.878922
-0.525945,51.883623
-0.529287,51.884061
-0.533232,51.878922
-0.533232,51.878922
-0.527098,51.889240
-0.523070,51.888002
-0.528303,51.888832
-0.520266,51.887086
-0.528303,51.888832
-0.523070,51.888002
-0.528303,51.888832
-0.528654,51.887883
-0.523070,51.888002
-0.522952,51.886274
-0.528303,51.888832
-0.520266,51.887086
-0.528303,51.888832
-0.523070,51.888002
-0.524106,51.886550
-0.528303,51.888832
-0.528303,51.888832
-0.527098,51.889240
-0.523237,51.886440
-0.528303,51.888832
-0.523070,51.888002
-0.530161,51.890240
-0.528303,51.888832
-0.522952,51.886274
-0.520266,51.887086
-0.527098,51.889240
-0.527221,51.888153
-0.528595,51.891470
-0.529231,51.890687
-0.528303,51.888832
-0.520266,51.887086
-0.526299,51.891028
-0.524106,51.886550
-0.522952,51.886274
-0.527098,51.889240
-0.523237,51.886440
-0.522952,51.886274
-0.528367,51.889534
-0.526299,51.891028
-0.520266,51.887086
-0.520266,51.887086
-0.520266,51.887086
-0.523070,51.888002
-0.520266,51.887086
-0.520266,51.887086
-0.522594,51.887888
-0.526299,51.891028
-0.521906,51.888041
-0.521906,51.888041
-0.525182,51.891409
-0.525765,51.890455
-0.522952,51.886274
-0.530161,51.890240
-0.522952,51.886274
-0.527098,51.889240
-0.523237,51.886440
-0.521906,51.888041
-0.522594,51.887888
-0.527098,51.889240
-0.523237,51.886440
-0.521906,51.888041
-0.529618,51.886376
-0.525832,51.887533
-0.529618,51.886376
-0.531436,51.885454
-0.524895,51.887737
-0.524895,51.887737
-0.524895,51.887737
-0.524895,51.887737
-0.519971,51.885455
-0.523897,51.891573
-0.518530,51.884663
-0.518623,51.888450
-0.519971,51.885455
-0.520225,51.887454
-0.519971,51.885455
-0.519971,51.885455
-0.519971,51.885455
-0.518838,51.890763
-0.518656,51.887012
-0.520968,51.889630
-0.518838,51.890763
-0.518838,51.890763
-0.525983,51.892687
-0.523897,51.891573
-0.515350,51.884138
-0.518530,51.884663
-0.520968,51.889630
-0.519971,51.885455
-0.520968,51.889630
-0.519971,51.885455
-0.519971,51.885455
-0.515350,51.884138
-0.519971,51.885455
-0.519971,51.885455
-0.519971,51.885455
-0.518623,51.888450
-0.521693,51.890107
-0.515350,51.884138
-0.518656,51.887012
-0.513508,51.886254
-0.520968,51.889630
-0.521693,51.890107
-0.521693,51.890107
-0.515350,51.884138
-0.521693,51.890107
-0.518838,51.890763
-0.514486,51.888757
-0.521693,51.890107
-0.521693,51.890107
-0.516217,51.883870
-0.521693,51.890107
-0.525983,51.892687
-0.521693,51.890107
-0.517978,51.886868
-0.519971,51.885455
-0.521693,51.890107
-0.518838,51.890763
-0.519971,51.885455
-0.518838,51.890763
-0.521693,51.890107
-0.521693,51.890107
-0.521693,51.890107
-0.521693,51.890107
-0.521693,51.890107
-0.517978,51.886868
-0.521693,51.890107
-0.521693,51.890107
-0.521693,51.890107
-0.521693,51.890107
-0.523897,51.891573
-0.517978,51.886868
-0.521693,51.890107
-0.517978,51.886868
-0.521693,51.890107
-0.519971,51.885455
-0.521693,51.890107
-0.519971,51.885455
-0.517978,51.886868
-0.517978,51.886868
-0.514486,51.888757
-0.521693,51.890107
-0.521693,51.890107
-0.518838,51.890763
-0.521693,51.890107
-0.510122,51.886256
-0.511288,51.886613
-0.510122,51.886256
-0.515906,51.882697
-0.512241,51.883703
-0.511288,51.886613
-0.511288,51.886613
-0.510122,51.886256
-0.509581,51.882851
-0.510122,51.886256
-0.510122,51.886256
-0.511288,51.886613
-0.515906,51.882697
-0.510122,51.886256
-0.510122,51.886256
-0.510602,51.883628
-0.512241,51.883703
-0.511592,51.882229
-0.506242,51.878834
-0.505209,51.880179
-0.508071,51.880197
-0.508071,51.880197
-0.508316,51.881126
-0.508071,51.880197
-0.505933,51.881141
-0.499701,51.878940
-0.502304,51.877975
-0.497677,51.876450
-0.496279,51.875686
-0.503452,51.878844
-0.505967,51.877904
-0.505967,51.877904
-0.505967,51.877904
-0.497205,51.874934
-0.505967,51.877904
-0.507129,51.876597
-0.502861,51.877379
-0.505967,51.877904
-0.505967,51.877904
-0.500106,51.876346
-0.507129,51.876597
-0.507129,51.876597
-0.500106,51.876346
-0.497205,51.874934
-0.502861,51.877379
-0.504318,51.876841
-0.500106,51.876346
-0.500106,51.876346
-0.497677,51.876450
-0.500106,51.876346
-0.500106,51.876346
-0.498787,51.875826
-0.503452,51.878844
-0.512285,51.879738
-0.512285,51.879738
-0.517499,51.882438
-0.510327,51.878319
-0.514942,51.878899
-0.516671,51.882877
-0.518827,51.879155
-0.516671,51.882877
-0.512285,51.879738
-0.510327,51.878319
-0.516671,51.882877
-0.504334,51.874602
-0.513142,51.877519
-0.510398,51.872629
-0.506400,51.872299
-0.509037,51.876460
-0.525749,51.875834
-0.517425,51.878508
-0.518518,51.877946
-0.518518,51.877946
-0.524817,51.876344
-0.525749,51.875834
-0.521787,51.876603
-0.521787,51.876603
-0.524613,51.875487
-0.522048,51.877523
-0.522048,51.877523
-0.524817,51.876344
-0.513783,51.875720
-0.513200,51.871819
-0.512911,51.876167
-0.514204,51.872191
-0.512191,51.872885
-0.514204,51.872191
-0.513407,51.874330
-0.514961,51.875240
-0.511346,51.873405
-0.593702,51.882510
-0.593730,51.883005
-0.593702,51.882510
-0.585337,51.875442
-0.579923,51.872077
-0.500552,51.849422
-0.500552,51.849422
-0.500552,51.849422
-0.500552,51.849422
-0.529841,51.868413
-0.500552,51.849422
-0.502144,51.873621
-0.500552,51.849422
-0.504460,51.850209
-0.500552,51.849422
-0.503283,51.850671
-0.514117,51.854117
-0.495166,51.847231
-0.485026,51.850437
-0.505050,51.860017
-0.500552,51.849422
-0.503259,51.851408
-0.475625,51.848508
-0.495448,51.850508
-0.501002,51.850291
-0.534003,51.851642
-0.526787,51.849861
-0.521556,51.844239
-0.521818,51.832229
-0.534003,51.851642
-0.534003,51.851642
-0.509879,51.832528
-0.509879,51.832528
-0.509879,51.832528
-0.534003,51.851642
-0.520307,51.842038
-0.563312,51.880983
-0.579532,51.886323
-0.582123,51.892172
-0.573691,51.886783
-0.557897,51.879029
-0.565685,51.883557
-0.482828,51.860533
-0.461964,51.862124
-0.461964,51.862124
-0.482828,51.860533
-0.452045,51.864215
-0.436649,51.866762
-0.474422,51.887516
-0.439369,51.858670
-0.440154,51.859921
-0.454421,51.865666
-0.440154,51.859921
-0.452045,51.864215
-0.460990,51.868531
-0.460990,51.868531
-0.452673,51.880219
-0.457163,51.868301
-0.501671,51.873417
-0.498455,51.874473
-0.460572,51.863751
-0.457495,51.865806
-0.460572,51.863751
-0.454222,51.860871
-0.455525,51.860565
-0.454253,51.859118
-0.459976,51.864202
-0.459976,51.864202
-0.431747,51.855278
-0.434640,51.853095
-0.434640,51.853095
-0.365187,51.844004
-0.429388,51.849222
-0.433458,51.852855
-0.430842,51.854600
-0.431869,51.852609
-0.354452,51.849366
-0.408670,51.847990
-0.376812,51.850954
-1.221614,52.198513
-0.434277,51.921256
-0.439578,51.921039
-0.439340,51.920775
-0.441288,51.920792
-0.441288,51.920792
-0.441288,51.920792
-0.428289,51.922004
-0.434585,51.922447
-0.434585,51.922447
-0.427369,51.925031
-0.427369,51.925031
-0.427369,51.925031
-0.432783,51.926173
-0.432081,51.924194
-0.435305,51.923473
-0.430927,51.924763
-0.430927,51.924763
-0.448143,51.924002
-0.446813,51.923347
-0.440302,51.917767
-0.440302,51.917767
-0.440302,51.917767
-0.440302,51.917767
-0.440302,51.917767
-0.440302,51.917767
-0.436911,51.919520
-0.435379,51.918852
-0.435977,51.917529
-0.436911,51.919520
-0.436911,51.919520
-0.442114,51.915408
-0.432686,51.917683
-0.450497,51.916454
-0.452156,51.918930
-0.450497,51.916454
-0.446468,51.914386
-0.450497,51.916454
-0.450497,51.916454
-0.445321,51.916017
-0.458233,51.911754
-0.457602,51.912366
-0.466020,51.914904
-0.467119,51.912517
-0.458233,51.911754
-0.458233,51.911754
-0.468048,51.913860
-0.465516,51.922009
-0.465908,51.915639
-0.469760,51.915672
-0.468832,51.915597
-0.471542,51.914571
-0.476189,51.921186
-0.471542,51.914571
-0.469522,51.917530
-0.469461,51.914625
-0.469201,51.916285
-0.469849,51.913919
-0.469522,51.917530
-0.481223,51.921125
-0.472748,51.921015
-0.481223,51.921125
-0.467682,51.918621
-0.469760,51.915672
-0.472645,51.915493
-0.469522,51.917530
-0.469522,51.917530
-0.471891,51.914998
-0.469522,51.917530
-0.466347,51.916418
-0.462537,51.919399
-0.463833,51.921915
-0.468548,51.920098
-0.451631,51.916442
-0.450986,51.915336
-0.450284,51.912072
-0.448143,51.913437
-0.450284,51.912072
-0.448143,51.913437
-0.454506,51.916983
-0.456914,51.914596
-0.453881,51.917829
-0.456784,51.917984
-0.456784,51.917984
-0.456784,51.917984
-0.454908,51.919677
-0.453950,51.922595
-0.456376,51.916306
-0.456784,51.917984
-0.454506,51.916983
-0.454506,51.916983
-0.456324,51.914417
-0.455795,51.916289
-0.457428,51.918694
-0.453668,51.912188
-0.454492,51.911048
-0.457971,51.921956
-0.456147,51.921707
-0.457419,51.922362
-0.456147,51.921707
-0.460298,51.921932
-0.460668,51.919644
-0.457320,51.923566
-0.460442,51.923256
-0.460668,51.919644
-0.460298,51.921932
-0.460298,51.921932
-0.458870,51.923298
-0.460668,51.919644
-0.457320,51.923566
-0.460668,51.919644
-0.457320,51.923566
-0.460668,51.919644
-0.461457,51.922082
-0.459056,51.914902
-0.460407,51.917896
-0.458994,51.913319
-0.463321,51.916891
-0.459509,51.918649
-0.463321,51.916891
-0.459076,51.914309
-0.461504,51.915168
-0.459051,51.915478
-0.458994,51.913319
-0.460407,51.917896
-0.462762,51.915383
-0.459509,51.918649
-0.462246,51.916446
-0.459056,51.914902
-0.459248,51.913125
-0.459509,51.918649
-0.459076,51.914309
-0.459509,51.918649
-0.459509,51.918649
-0.434350,51.908723
-0.434350,51.908723
-0.434350,51.908723
-0.425970,51.911372
-0.434350,51.908723
-0.429785,51.912457
-0.424049,51.920562
-0.424697,51.916588
-0.424697,51.916588
-0.424697,51.916588
-0.424697,51.916588
-0.426716,51.917900
-0.429327,51.919338
-0.422666,51.913980
-0.422666,51.913980
-0.422666,51.913980
-0.422666,51.913980
-0.422666,51.913980
-0.424156,51.914189
-0.422480,51.914733
-0.422480,51.914733
-0.421107,51.916153
-0.420184,51.911780
-0.431849,51.912898
-0.434534,51.910955
-0.430774,51.914969
-0.429403,51.916336
-0.428290,51.915710
-0.434534,51.910955
-0.434534,51.910955
-0.427158,51.916090
-0.427158,51.916090
-0.427158,51.916090
-0.427158,51.916090
-0.434534,51.910955
-0.434534,51.910955
-0.434534,51.910955
-0.471187,51.905772
-0.475503,51.905801
-0.475615,51.904652
-0.471187,51.905772
-0.472821,51.906441
-0.474559,51.902786
-0.471187,51.905772
-0.474214,51.906108
-0.474214,51.906108
-0.474214,51.906108
-0.471187,51.905772
-0.475615,51.904652
-0.474552,51.903847
-0.474559,51.902786
-0.475615,51.904652
-0.474010,51.905252
-0.474552,51.903847
-0.467532,51.907217
-0.464457,51.901495
-0.468532,51.902618
-0.465764,51.901521
-0.464457,51.901495
-0.468371,51.903928
-0.466830,51.905653
-0.468107,51.901425
-0.473195,51.903137
-0.468371,51.903928
-0.476006,51.911571
-0.474470,51.909690
-0.469766,51.910780
-0.476006,51.911571
-0.475873,51.911210
-0.474470,51.909690
-0.474470,51.909690
-0.469083,51.911212
-0.476006,51.911571
-0.474470,51.909690
-0.473214,51.909449
-0.477264,51.907029
-0.477264,51.907029
-0.475381,51.912858
-0.478349,51.914506
-0.479228,51.911730
-0.480318,51.911726
-0.480894,51.909755
-0.480894,51.909755
-0.474752,51.912113
-0.466997,51.909279
-0.466997,51.909279
-0.467729,51.909989
-0.466997,51.909279
-0.466997,51.909279
-0.471326,51.909371
-0.470147,51.907710
-0.464924,51.907822
-0.468706,51.906918
-0.466176,51.909906
-0.470147,51.907710
-0.471567,51.909122
-0.467729,51.909989
-0.459246,51.905527
-0.460776,51.903721
-0.459246,51.905527
-0.459341,51.903172
-0.459341,51.903172
-0.459246,51.905527
-0.461841,51.904464
-0.463655,51.903705
-0.459246,51.905527
-0.442831,51.906462
-0.448391,51.910060
-0.448187,51.910920
-0.446001,51.908940
-0.442831,51.906462
-0.451404,51.910360
-0.442831,51.906462
-0.458386,51.906864
-0.458386,51.906864
-0.458437,51.906226
-0.451238,51.908865
-0.456960,51.905632
-0.453746,51.906084
-0.451238,51.908865
-0.453746,51.906084
-0.455413,51.904973
-0.458437,51.906226
-0.458437,51.906226
-0.451998,51.905764
-0.458437,51.906226
-0.458437,51.906226
-0.458437,51.906226
-0.458437,51.906226
-0.458437,51.906226
-0.458437,51.906226
-0.458437,51.906226
-0.454289,51.904266
-0.453318,51.904181
-0.455413,51.904973
-0.456960,51.905632
-0.453318,51.904181
-0.450625,51.905539
-0.458386,51.906864
-0.454289,51.904266
-0.439564,51.905915
-0.440077,51.904968
-0.440487,51.906538
-0.440077,51.904968
-0.440077,51.904968
-0.437682,51.906942
-0.438757,51.905302
-0.440077,51.904968
-0.440077,51.904968
-0.437349,51.904806
-0.438394,51.906556
-0.440487,51.906538
-0.438394,51.906556
-0.438394,51.906556
-0.436906,51.907957
-0.438757,51.905302
-0.441324,51.905057
-0.441324,51.905057
-0.447276,51.904866
-0.451377,51.904803
-0.445356,51.904463
-0.445356,51.904463
-0.449684,51.903333
-0.451377,51.904803
-0.444858,51.911740
-0.442203,51.911588
-0.436430,51.908688
-0.442203,51.911588
-0.440792,51.912855
-0.436972,51.911060
-0.436430,51.908688
-0.436430,51.908688
-0.439053,51.899704
-0.438234,51.901518
-0.438234,51.901518
-0.440773,51.902910
-0.439076,51.901116
-0.439076,51.901116
-0.439754,51.899174
-0.439754,51.899174
-0.437978,51.900085
-0.452181,51.901711
-0.452181,51.901711
-0.449924,51.900989
-0.452181,51.901711
-0.447110,51.901663
-0.452367,51.902658
-0.449415,51.900146
-0.447455,51.902611
-0.450642,51.901251
-0.451671,51.903018
-0.451671,51.903018
-0.446750,51.899869
-0.451671,51.903018
-0.447312,51.903383
-0.411744,51.897990
-0.411817,51.900032
-0.413462,51.901601
-0.419159,51.902055
-0.419758,51.904032
-0.418193,51.907635
-0.419758,51.904032
-0.419758,51.904032
-0.421928,51.900617
-0.423564,51.897456
-0.410428,51.909733
-0.410428,51.909733
-0.416940,51.905208
-0.416940,51.905208
-0.411603,51.908580
-0.414881,51.910036
-0.412843,51.905971
-0.416940,51.905208
-0.422381,51.908833
-0.426190,51.905512
-0.429553,51.905773
-0.387244,51.905560
-0.404341,51.904687
-0.390814,51.906958
-0.387244,51.905560
-0.389355,51.907091
-0.390814,51.906958
-0.385144,51.908571
-0.390814,51.906958
-0.390814,51.906958
-0.389355,51.907091
-0.390814,51.906958
-0.392958,51.902662
-0.389713,51.902780
-0.391831,51.904922
-0.390418,51.905001
-0.390418,51.905001
-0.389713,51.902780
-0.393939,51.903710
-0.387936,51.903699
-0.379431,51.901694
-0.382432,51.900720
-0.383812,51.905594
-0.379431,51.901694
-0.383812,51.905594
-0.379910,51.902132
-0.379910,51.902132
-0.387169,51.899535
-0.384688,51.901029
-0.387783,51.901449
-0.388604,51.900049
-0.385840,51.901737
-0.384389,51.902482
-0.385840,51.901737
-0.383507,51.900321
-0.387783,51.901449
-0.381365,51.897234
-0.380051,51.896982
-0.380051,51.896982
-0.378454,51.899379
-0.377698,51.896959
-0.381496,51.898836
-0.383232,51.896639
-0.385314,51.898565
-0.384613,51.897036
-0.381613,51.895988
-0.383666,51.895899
-0.381613,51.895988
-0.389432,51.897614
-0.384613,51.897036
-0.485222,51.902978
-0.488565,51.904720
-0.492250,51.905370
-0.488565,51.904720
-0.493484,51.904963
-0.488405,51.903423
-0.493484,51.904963
-0.486846,51.903079
-0.486846,51.903079
-0.488565,51.904720
-0.492250,51.905370
-0.496449,51.901054
-0.496449,51.901054
-0.499769,51.898704
-0.501383,51.899561
-0.502091,51.900991
-0.502492,51.899000
-0.501674,51.900850
-0.482298,51.904316
-0.481288,51.903673
-0.483505,51.905608
-0.482298,51.904316
-0.482298,51.904316
-0.483014,51.905521
-0.483014,51.905521
-0.483014,51.905521
-0.481288,51.903673
-0.481288,51.903673
-0.481288,51.903673
-0.483044,51.902455
-0.482960,51.902796
-0.481155,51.902440
-0.483014,51.905521
-0.483118,51.903292
-0.483014,51.905521
-0.483044,51.902455
-0.481288,51.903673
-0.482298,51.904316
-0.491604,51.903824
-0.491799,51.901893
-0.491604,51.903824
-0.493906,51.900625
-0.491604,51.903824
-0.493906,51.900625
-0.490837,51.900667
-0.493906,51.900625
-0.494120,51.903326
-0.490983,51.901091
-0.493755,51.902952
-0.493755,51.902952
-0.491604,51.903824
-0.491352,51.900053
-0.493906,51.900625
-0.483495,51.898999
-0.488960,51.898988
-0.489724,51.898324
-0.485868,51.898454
-0.485868,51.898454
-0.483495,51.898999
-0.484938,51.901895
-0.483495,51.898999
-0.483495,51.898999
-0.487320,51.899354
-0.485424,51.897837
-0.487320,51.899354
-0.484719,51.897612
-0.487320,51.899354
-0.484938,51.901895
-0.484938,51.901895
-0.489724,51.898324
-0.491326,51.898650
-0.488960,51.898988
-0.488073,51.901594
-0.495399,51.897246
-0.496446,51.901584
-0.495399,51.897246
-0.493972,51.898630
-0.496446,51.901584
-0.495042,51.895766
-0.496446,51.901584
-0.495042,51.895766
-0.496446,51.901584
-0.494094,51.895422
-0.495539,51.900448
-0.494741,51.899125
-0.494741,51.899125
-0.494494,51.897369
-0.494094,51.895422
-0.496446,51.901584
-0.495399,51.897246
-0.494094,51.895422
-0.494094,51.895422
-0.494741,51.899125
-0.496338,51.899613
-0.422543,51.893423
-0.422885,51.892771
-0.425977,51.894971
-0.428368,51.896406
-0.423716,51.895606
-0.426896,51.893194
-0.422474,51.892496
-0.426896,51.893194
-0.426739,51.894783
-0.426739,51.894783
-0.428368,51.896406
-0.422885,51.892771
-0.423716,51.895606
-0.428368,51.896406
-0.426739,51.894783
-0.428368,51.896406
-0.436018,51.894592
-0.436018,51.894592
-0.430458,51.892747
-0.432750,51.892867
-0.436018,51.894592
-0.433307,51.894826
-0.433307,51.894826
-0.433307,51.894826
-0.430458,51.892747
-0.433307,51.894826
-0.433307,51.894826
-0.436018,51.894592
-0.433307,51.894826
-0.431219,51.891327
-0.433151,51.890948
-0.430787,51.890800
-0.431219,51.891327
-0.431219,51.891327
-0.431710,51.891837
-0.433151,51.890948
-0.433151,51.890948
-0.434808,51.896779
-0.436110,51.897812
-0.434835,51.900619
-0.434180,51.898542
-0.434808,51.896779
-0.434808,51.896779
-0.435290,51.904249
-0.436159,51.902660
-0.436159,51.902660
-0.434437,51.902870
-0.428691,51.897156
-0.432815,51.898920
-0.428818,51.898938
-0.436745,51.899197
-0.436745,51.899197
-0.442227,51.896167
-0.437027,51.894830
-0.437887,51.896011
-0.437278,51.895562
-0.454566,51.896591
-0.455887,51.895808
-0.454961,51.893134
-0.453655,51.893926
-0.454961,51.893134
-0.456565,51.892993
-0.454566,51.896591
-0.465856,51.894140
-0.464321,51.893113
-0.464321,51.893113
-0.458752,51.897032
-0.465856,51.894140
-0.461220,51.892416
-0.464321,51.893113
-0.463753,51.890579
-0.458752,51.897032
-0.463753,51.890579
-0.465856,51.894140
-0.464321,51.893113
-0.461220,51.892416
-0.458023,51.895377
-0.458023,51.895377
-0.460173,51.890307
-0.459516,51.890406
-0.460173,51.890307
-0.459788,51.888387
-0.466360,51.888706
-0.466360,51.888706
-0.460173,51.890307
-0.460173,51.890307
-0.459788,51.888387
-0.459516,51.890406
-0.466360,51.888706
-0.460173,51.890307
-0.462715,51.900582
-0.463052,51.898797
-0.461452,51.897958
-0.465380,51.898728
-0.465169,51.896792
-0.462715,51.900582
-0.465309,51.899510
-0.463162,51.897261
-0.466922,51.899522
-0.464771,51.899952
-0.464771,51.899952
-0.456622,51.898515
-0.454138,51.897655
-0.454138,51.897655
-0.452998,51.897820
-0.451660,51.899978
-0.454138,51.897655
-0.452998,51.897820
-0.452998,51.897820
-0.452998,51.897820
-0.456622,51.898515
-0.449641,51.896966
-0.459556,51.899003
-0.459556,51.899003
-0.459556,51.899003
-0.459556,51.899003
-0.452389,51.900752
-0.452389,51.900752
-0.452389,51.900752
-0.459556,51.899003
-0.455462,51.900145
-0.455462,51.900145
-0.462826,51.901995
-0.455052,51.903188
-0.455052,51.903188
-0.456120,51.898751
-0.417542,51.888510
-0.420064,51.894901
-0.413002,51.888673
-0.417542,51.888510
-0.416732,51.887986
-0.414225,51.895209
-0.413002,51.888673
-0.413002,51.888673
-0.420064,51.894901
-0.416286,51.887863
-0.404161,51.896637
-0.402890,51.894786
-0.407937,51.894243
-0.402890,51.894786
-0.409554,51.895370
-0.409031,51.895786
-0.395850,51.894519
-0.392127,51.895412
-0.396978,51.893860
-0.398122,51.896447
-0.393876,51.892820
-0.392113,51.897031
-0.392052,51.896293
-0.392759,51.894819
-0.391517,51.892554
-0.395409,51.895898
-0.395409,51.895898
-0.395850,51.894519
-0.390484,51.897863
-0.391793,51.899067
-0.396978,51.893860
-0.393876,51.892820
-0.391517,51.892554
-0.392127,51.895412
-0.390484,51.897863
-0.401224,51.892155
-0.398097,51.892248
-0.403741,51.890859
-0.399286,51.896418
-0.399413,51.891196
-0.400820,51.892087
-0.398097,51.892248
-0.401224,51.892155
-0.400820,51.892087
-0.400320,51.891855
-0.403741,51.890859
-0.400320,51.891855
-0.398097,51.892248
-0.403741,51.890859
-0.400329,51.894050
-0.401598,51.893923
-0.400820,51.892087
-0.409007,51.891542
-0.408562,51.893028
-0.408720,51.893471
-0.405454,51.891727
-0.407527,51.890649
-0.405454,51.891727
-0.407527,51.890649
-0.405983,51.890745
-0.405454,51.891727
-0.405983,51.890745
-0.408562,51.893028
-0.398346,51.901180
-0.402064,51.901662
-0.396302,51.902654
-0.398346,51.901180
-0.398066,51.900070
-0.396302,51.902654
-0.401873,51.898449
-0.398346,51.901180
-0.402064,51.901662
-0.405024,51.898942
-0.396302,51.902654
-0.395803,51.899931
-0.399422,51.902399
-0.400340,51.901513
-0.400340,51.901513
-0.400340,51.901513
-0.400340,51.901513
-0.399857,51.897928
-0.399857,51.897928
-0.396721,51.901922
-0.399422,51.902399
-0.396302,51.902654
-0.402064,51.901662
-0.475446,51.893311
-0.475446,51.893311
-0.475446,51.893311
-0.475446,51.893311
-0.467401,51.890995
-0.467401,51.890995
-0.475446,51.893311
-0.475446,51.893311
-0.467498,51.892857
-0.475446,51.893311
-0.470312,51.889171
-0.475446,51.893311
-0.475446,51.893311
-0.470312,51.889171
-0.467498,51.892857
-0.475446,51.893311
-0.475446,51.893311
-0.476821,51.892619
-0.471184,51.892159
-0.473867,51.890611
-0.476362,51.889870
-0.476244,51.891209
-0.481147,51.890616
-0.481147,51.890616
-0.479449,51.891403
-0.474841,51.895731
-0.474841,51.895731
-0.472686,51.895847
-0.472686,51.895847
-0.472686,51.895847
-0.474841,51.895731
-0.472686,51.895847
-0.472686,51.895847
-0.472686,51.895847
-0.476083,51.900270
-0.472686,51.895847
-0.474841,51.895731
-0.474528,51.898982
-0.480157,51.892383
-0.480157,51.892383
-0.477234,51.895897
-0.484334,51.895224
-0.480157,51.892383
-0.478396,51.894617
-0.480107,51.894316
-0.481761,51.893950
-0.484334,51.895224
-0.478396,51.894617
-0.480157,51.892383
-0.484883,51.891446
-0.484883,51.891446
-0.484883,51.891446
-0.486872,51.893666
-0.487523,51.896767
-0.487752,51.898604
-0.486872,51.893666
-0.383560,51.887095
-0.383024,51.889065
-0.383519,51.884199
-0.380557,51.885354
-0.383519,51.884199
-0.383519,51.884199
-0.383519,51.884199
-0.383519,51.884199
-0.383519,51.884199
-0.383519,51.884199
-0.383519,51.884199
-0.377514,51.885501
-0.383519,51.884199
-0.382166,51.885043
-0.383560,51.887095
-0.364815,51.892294
-0.370940,51.892513
-0.372890,51.889213
-0.372890,51.889213
-0.369889,51.889028
-0.369291,51.888687
-0.369291,51.888687
-0.372890,51.889213
-0.368522,51.890268
-0.371328,51.888625
-0.372890,51.889213
-0.369232,51.890727
-0.372890,51.889213
-0.372890,51.889213
-0.372890,51.889213
-0.372890,51.889213
-0.366806,51.888284
-0.372890,51.889213
-0.376681,51.893708
-0.374798,51.895156
-0.379319,51.891883
-0.379319,51.891883
-0.366794,51.891431
-0.366794,51.891431
-0.360978,51.888311
-0.366794,51.891431
-0.375044,51.880683
-0.385147,51.873638
-0.372992,51.878766
-0.385147,51.873638
-0.372992,51.878766
-0.385147,51.873638
-0.372992,51.878766
-0.385147,51.873638
-0.376590,51.890982
-0.382877,51.880216
-0.375044,51.880683
-0.375044,51.880683
-0.375044,51.880683
-0.377829,51.882421
-0.377829,51.882421
-0.382877,51.880216
-0.385147,51.873638
-0.385147,51.873638
-0.377829,51.882421
-0.375044,51.880683
-0.375044,51.880683
-0.377829,51.882421
-0.375044,51.880683
-0.377829,51.882421
-0.375044,51.880683
-0.382877,51.880216
-0.385147,51.873638
-0.375044,51.880683
-0.385147,51.873638
-0.375044,51.880683
-0.385147,51.873638
-0.385147,51.873638
-0.385147,51.873638
-0.375044,51.880683
-0.375044,51.880683
-0.375044,51.880683
-0.372992,51.878766
-0.372992,51.878766
-0.372992,51.878766
-0.372992,51.878766
-0.375044,51.880683
-0.375044,51.880683
-0.372992,51.878766
-0.372992,51.878766
-0.375044,51.880683
-0.385147,51.873638
-0.379692,51.875037
-0.385147,51.873638
-0.385147,51.873638
-0.382877,51.880216
-0.377829,51.882421
-0.385147,51.873638
-0.385147,51.873638
-0.384052,51.877435
-0.385147,51.873638
-0.377829,51.882421
-0.377829,51.882421
-0.435682,51.888770
-0.438267,51.891340
-0.435682,51.888770
-0.438267,51.891340
-0.434943,51.888302
-0.438973,51.890675
-0.438395,51.887242
-0.438395,51.887242
-0.436390,51.887215
-0.441547,51.888956
-0.436390,51.887215
-0.436390,51.887215
-0.437655,51.886782
-0.438395,51.887242
-0.438395,51.887242
-0.438395,51.887242
-0.437655,51.886782
-0.436390,51.887215
-0.436390,51.887215
-0.436390,51.887215
-0.437655,51.886782
-0.436390,51.887215
-0.438395,51.887242
-0.439179,51.887675
-0.442613,51.889644
-0.440733,51.888531
-0.439179,51.887675
-0.442613,51.889644
-0.439179,51.887675
-0.442613,51.889644
-0.451232,51.890864
-0.448456,51.890450
-0.443271,51.890363
-0.449842,51.889443
-0.449740,51.890719
-0.449740,51.890719
-0.449842,51.889443
-0.445961,51.889904
-0.449842,51.889443
-0.445961,51.889904
-0.448456,51.890450
-0.448456,51.890450
-0.449842,51.889443
-0.443271,51.890363
-0.449842,51.889443
-0.443271,51.890363
-0.456026,51.890046
-0.448400,51.888282
-0.456026,51.890046
-0.451479,51.888305
-0.445961,51.889904
-0.448400,51.888282
-0.451232,51.890864
-0.449842,51.889443
-0.445961,51.889904
-0.456026,51.890046
-0.449842,51.889443
-0.446445,51.898597
-0.446503,51.893967
-0.450406,51.896275
-0.446503,51.893967
-0.446503,51.893967
-0.447762,51.892437
-0.446503,51.893967
-0.446503,51.893967
-0.446503,51.893967
-0.450566,51.894164
-0.451834,51.892796
-0.446503,51.893967
-0.451500,51.892369
-0.451834,51.892796
-0.445169,51.897672
-0.451500,51.892369
-0.445169,51.897672
-0.451500,51.892369
-0.450406,51.896275
-0.446503,51.893967
-0.451834,51.892796
-0.451373,51.895632
-0.449382,51.895201
-0.449382,51.895201
-0.446503,51.893967
-0.450566,51.894164
-0.444752,51.891237
-0.444752,51.891237
-0.444752,51.891237
-0.440381,51.892411
-0.440381,51.892411
-0.445695,51.891277
-0.440381,51.892411
-0.445695,51.891277
-0.445695,51.891277
-0.396120,51.883688
-0.397539,51.880137
-0.397412,51.882069
-0.396120,51.883688
-0.395915,51.881284
-0.395915,51.881284
-0.392976,51.882197
-0.394827,51.873878
-0.402038,51.884389
-0.400869,51.882116
-0.401598,51.883277
-0.402038,51.884389
-0.401598,51.883277
-0.404300,51.882055
-0.402038,51.884389
-0.404361,51.882775
-0.404361,51.882775
-0.401598,51.883277
-0.400814,51.884489
-0.400814,51.884489
-0.400814,51.884489
-0.388735,51.882580
-0.388735,51.882580
-0.388735,51.882580
-0.389643,51.884822
-0.389643,51.884822
-0.388372,51.891108
-0.393007,51.890290
-0.392716,51.889081
-0.394185,51.891916
-0.394185,51.891916
-0.388372,51.891108
-0.399951,51.885466
-0.402594,51.887957
-0.402594,51.887957
-0.392084,51.887265
-0.392084,51.887265
-0.400816,51.888508
-0.392084,51.887265
-0.392700,51.886680
-0.392700,51.886680
-0.395661,51.891262
-0.392084,51.887265
-0.395661,51.891262
-0.392700,51.886680
-0.395910,51.891634
-0.399951,51.885466
-0.392084,51.887265
-0.394879,51.886287
-0.398096,51.888588
-0.398187,51.886449
-0.398096,51.888588
-0.396995,51.885219
-0.388232,51.894199
-0.381729,51.894775
-0.389242,51.897252
-0.380508,51.892367
-0.381729,51.894775
-0.387980,51.895967
-0.381729,51.894775
-0.389242,51.897252
-0.389213,51.893988
-0.388127,51.892256
-0.425014,51.886335
-0.423333,51.887463
-0.425014,51.886335
-0.425014,51.886335
-0.421235,51.890115
-0.426237,51.885434
-0.423333,51.887463
-0.426237,51.885434
-0.425014,51.886335
-0.426915,51.885569
-0.421330,51.887392
-0.423107,51.886013
-0.422877,51.883888
-0.423107,51.886013
-0.422742,51.885648
-0.422742,51.885648
-0.421330,51.887392
-0.423107,51.886013
-0.422742,51.885648
-0.423148,51.882776
-0.420744,51.883391
-0.419485,51.882835
-0.423107,51.886013
-0.422742,51.885648
-0.421705,51.882919
-0.424942,51.883816
-0.423148,51.882776
-0.423148,51.882776
-0.424942,51.883816
-0.423148,51.882776
-0.424942,51.883816
-0.423148,51.882776
-0.425541,51.884148
-0.423107,51.886013
-0.420744,51.883391
-0.423148,51.882776
-0.423148,51.882776
-0.423148,51.882776
-0.423148,51.882776
-0.425541,51.884148
-0.424942,51.883816
-0.422742,51.885648
-0.423148,51.882776
-0.423148,51.882776
-0.428727,51.888201
-0.428727,51.888201
-0.428727,51.888201
-0.428510,51.892343
-0.427954,51.890789
-0.428727,51.888201
-0.428887,51.888608
-0.424590,51.889755
-0.428887,51.888608
-0.428727,51.888201
-0.428727,51.888201
-0.424590,51.889755
-0.427954,51.890789
-0.428510,51.892343
-0.430960,51.894588
-0.424590,51.889755
-0.427954,51.890789
-0.430960,51.894588
-0.430806,51.889425
-0.433202,51.887802
-0.430806,51.889425
-0.433202,51.887802
-0.429401,51.889721
-0.429401,51.889721
-0.430764,51.886879
-0.434444,51.885094
-0.434656,51.886095
-0.431991,51.886689
-0.434444,51.885094
-0.431712,51.884266
-0.429545,51.886000
-0.434656,51.886095
-0.431820,51.885356
-0.431991,51.886689
-0.429545,51.886000
-0.431712,51.884266
-0.431820,51.885356
-0.431820,51.885356
-0.434100,51.884541
-0.431712,51.884266
-0.431820,51.885356
-0.431712,51.884266
-0.429386,51.884298
-0.431143,51.882263
-0.427499,51.884669
-0.427499,51.884669
-0.427499,51.884669
-0.429386,51.884298
-0.428191,51.883149
-0.427499,51.884669
-0.429814,51.884960
-0.428191,51.883149
-0.429814,51.884960
-0.432113,51.883184
-0.429814,51.884960
-0.427499,51.884669
-0.429814,51.884960
-0.429386,51.884298
-0.429814,51.884960
-0.419714,51.888719
-0.419714,51.888719
-0.419714,51.888719
-0.419578,51.886811
-0.419714,51.888719
-0.420632,51.887832
-0.419714,51.888719
-0.419714,51.888719
-0.415264,51.885934
-0.419789,51.886184
-0.419296,51.889450
-0.415470,51.886261
-0.419714,51.888719
-0.415470,51.886261
-0.419578,51.886811
-0.415019,51.882973
-0.413465,51.882952
-0.418251,51.884041
-0.418251,51.884041
-0.412997,51.887163
-0.415019,51.882973
-0.413465,51.882952
-0.418251,51.884041
-0.415560,51.884536
-0.411091,51.884763
-0.412719,51.886404
-0.413380,51.884947
-0.418251,51.884041
-0.415560,51.884536
-0.413465,51.882952
-0.415019,51.882973
-0.418251,51.884041
-0.412858,51.883681
-0.418251,51.884041
-0.415560,51.884536
-0.415846,51.883433
-0.412700,51.884884
-0.415019,51.882973
-0.414920,51.884977
-0.416992,51.883071
-0.415743,51.887191
-0.412888,51.885740
-0.411091,51.884763
-0.413465,51.882952
-0.415743,51.887191
-0.413465,51.882952
-0.415846,51.883433
-0.415846,51.883433
-0.418251,51.884041
-0.410894,51.883771
-0.410262,51.886433
-0.410262,51.886433
-0.413380,51.884947
-0.418251,51.884041
-0.418251,51.884041
-0.415846,51.883433
-0.406137,51.888841
-0.409439,51.886701
-0.408135,51.889048
-0.406545,51.888406
-0.404168,51.889066
-0.404350,51.887603
-0.406545,51.888406
-0.406545,51.888406
-0.406221,51.886882
-0.409439,51.886701
-0.404350,51.887603
-0.409439,51.886701
-0.404168,51.889066
-0.404168,51.889066
-0.409439,51.886701
-0.404168,51.889066
-0.409439,51.886701
-0.404168,51.889066
-0.404389,51.885697
-0.404906,51.881343
-0.409929,51.882688
-0.404906,51.881343
-0.409929,51.882688
-0.401732,51.880725
-0.406847,51.886441
-0.408389,51.883935
-0.408140,51.885631
-0.409138,51.886184
-0.400862,51.881082
-0.408389,51.883935
-0.404906,51.881343
-0.409929,51.882688
-0.409929,51.882688
-0.409929,51.882688
-0.408140,51.885631
-0.409669,51.884708
-0.407843,51.883757
-0.406542,51.881923
-0.409929,51.882688
-0.409929,51.882688
-0.409929,51.882688
-0.407843,51.883757
-0.409929,51.882688
-0.408140,51.885631
-0.406847,51.886441
-0.407843,51.883757
-0.409929,51.882688
-0.408140,51.885631
-0.408784,51.885083
-0.404906,51.881343
-0.407364,51.882914
-0.406847,51.886441
-0.407364,51.882914
-0.401732,51.880725
-0.408256,51.874519
-0.407773,51.873811
-0.407773,51.873811
-0.406551,51.877976
-0.408256,51.874519
-0.410801,51.877341
-0.407773,51.873811
-0.409241,51.873364
-0.410780,51.874230
-0.404391,51.877416
-0.406551,51.877976
-0.410801,51.877341
-0.408256,51.874519
-0.407773,51.873811
-0.407773,51.873811
-0.408256,51.874519
-0.410780,51.874230
-0.410028,51.876189
-0.406551,51.877976
-0.408256,51.874519
-0.408256,51.874519
-0.407773,51.873811
-0.410028,51.876189
-0.406447,51.873515
-0.406447,51.873515
-0.406447,51.873515
-0.410028,51.876189
-0.411422,51.877862
-0.409226,51.878740
-0.405832,51.879000
-0.407773,51.873811
-0.410028,51.876189
-0.408256,51.874519
-0.405908,51.876025
-0.404665,51.876674
-0.410801,51.877341
-0.411422,51.877862
-0.411422,51.877862
-0.408184,51.876155
-0.407773,51.873811
-0.411422,51.877862
-0.411422,51.877862
-0.408256,51.874519
-0.410101,51.875362
-0.407685,51.876705
-0.408256,51.874519
-0.407366,51.874219
-0.407366,51.874219
-0.407685,51.876705
-0.407685,51.876705
-0.411422,51.877862
-0.409226,51.878740
-0.407773,51.873811
-0.410801,51.877341
-0.408256,51.874519
-0.410028,51.876189
-0.406447,51.873515
-0.407685,51.876705
-0.410780,51.874230
-0.408256,51.874519
-0.409241,51.873364
-0.406447,51.873515
-0.410780,51.874230
-0.413942,51.878903
-0.417102,51.882407
-0.417049,51.880213
-0.416881,51.881685
-0.417102,51.882407
-0.417202,51.879154
-0.418057,51.880874
-0.423274,51.882077
-0.417202,51.879154
-0.413942,51.878903
-0.411407,51.879525
-0.421027,51.881939
-0.418057,51.880874
-0.411407,51.879525
-0.421027,51.881939
-0.414294,51.880868
-0.418057,51.880874
-0.422755,51.879471
-0.412607,51.880081
-0.417102,51.882407
-0.413942,51.878903
-0.414818,51.880021
-0.422755,51.879471
-0.422755,51.879471
-0.417102,51.882407
-0.413942,51.878903
-0.417102,51.882407
-0.411407,51.879525
-0.413942,51.878903
-0.422814,51.878195
-0.417049,51.880213
-0.418057,51.880874
-0.417102,51.882407
-0.418057,51.880874
-0.417049,51.880213
-0.414197,51.879077
-0.417202,51.879154
-0.417202,51.879154
-0.413942,51.878903
-0.413993,51.880351
-0.423274,51.882077
-0.417202,51.879154
-0.417202,51.879154
-0.413942,51.878903
-0.417049,51.880213
-0.414197,51.879077
-0.417102,51.882407
-0.422814,51.878195
-0.417049,51.880213
-0.417202,51.879154
-0.417202,51.879154
-0.413942,51.878903
-0.411526,51.880660
-0.417202,51.879154
-0.417102,51.882407
-0.417202,51.879154
-0.414818,51.880021
-0.418057,51.880874
-0.413327,51.879443
-0.422755,51.879471
-0.417729,51.878208
-0.422643,51.880198
-0.423274,51.882077
-0.420495,51.880124
-0.421027,51.881939
-0.413942,51.878903
-0.416881,51.881685
-0.414197,51.879077
-0.424401,51.879781
-0.422755,51.879471
-0.417049,51.880213
-0.416881,51.881685
-0.416881,51.881685
-0.414455,51.881239
-0.416881,51.881685
-0.413327,51.879443
-0.421907,51.881303
-0.414294,51.880868
-0.421907,51.881303
-0.416881,51.881685
-0.418624,51.881682
-0.415025,51.880320
-0.417202,51.879154
-0.417202,51.879154
-0.418615,51.880279
-0.422814,51.878195
-0.418057,51.880874
-0.418426,51.879044
-0.413993,51.880351
-0.418624,51.881682
-0.417729,51.878208
-0.413327,51.879443
-0.423788,51.879422
-0.418426,51.879044
-0.418057,51.880874
-0.417049,51.880213
-0.418057,51.880874
-0.414197,51.879077
-0.413942,51.878903
-0.418615,51.880279
-0.415298,51.882059
-0.414455,51.881239
-0.415025,51.880320
-0.411526,51.880660
-0.416881,51.881685
-0.416881,51.881685
-0.419476,51.879769
-0.417202,51.879154
-0.416881,51.881685
-0.411407,51.879525
-0.414455,51.881239
-0.423788,51.879422
-0.413327,51.879443
-0.420495,51.880124
-0.417049,51.880213
-0.417049,51.880213
-0.420495,51.880124
-0.413993,51.880351
-0.421027,51.881939
-0.418057,51.880874
-0.417049,51.880213
-0.418057,51.880874
-0.419476,51.879769
-0.418057,51.880874
-0.414818,51.880021
-0.418624,51.881682
-0.418426,51.879044
-0.413942,51.878903
-0.418057,51.880874
-0.417729,51.878208
-0.419390,51.880559
-0.422643,51.880198
-0.417202,51.879154
-0.413327,51.879443
-0.413942,51.878903
-0.416084,51.880380
-0.413942,51.878903
-0.414818,51.880021
-0.413327,51.879443
-0.413327,51.879443
-0.414818,51.880021
-0.413942,51.878903
-0.413942,51.878903
-0.413327,51.879443
-0.413327,51.879443
-0.413327,51.879443
-0.413942,51.878903
-0.413942,51.878903
-0.413942,51.878903
-0.413942,51.878903
-0.413327,51.879443
-0.413327,51.879443
-0.413942,51.878903
-0.414197,51.879077
-0.413942,51.878903
-0.414818,51.880021
-0.417049,51.880213
-0.413942,51.878903
-0.414818,51.880021
-0.417049,51.880213
-0.413942,51.878903
-0.413942,51.878903
-0.413327,51.879443
-0.413327,51.879443
-0.414197,51.879077
-0.413942,51.878903
-0.413327,51.879443
-0.413942,51.878903
-0.413327,51.879443
-0.413942,51.878903
-0.413327,51.879443
-0.414197,51.879077
-0.421059,51.881040
-0.414197,51.879077
-0.411407,51.879525
-0.420224,51.880804
-0.411407,51.879525
-0.411407,51.879525
-0.421059,51.881040
-0.417729,51.878208
-0.423014,51.879133
-0.416084,51.880380
-0.414197,51.879077
-0.418426,51.879044
-0.420495,51.880124
-0.413942,51.878903
-0.414956,51.881048
-0.413993,51.880351
-0.418057,51.880874
-0.423788,51.879422
-0.416881,51.881685
-0.416881,51.881685
-0.413993,51.880351
-0.417202,51.879154
-0.414197,51.879077
-0.418426,51.879044
-0.418426,51.879044
-0.418426,51.879044
-0.417202,51.879154
-0.419089,51.878379
-0.418426,51.879044
-0.420224,51.880804
-0.413942,51.878903
-0.414197,51.879077
-0.411407,51.879525
-0.419089,51.878379
-0.418057,51.880874
-0.418615,51.880279
-0.418057,51.880874
-0.420495,51.880124
-0.424401,51.879781
-0.418057,51.880874
-0.417049,51.880213
-0.418057,51.880874
-0.414197,51.879077
-0.417049,51.880213
-0.418057,51.880874
-0.416054,51.881224
-0.420224,51.880804
-0.441849,51.883160
-0.435431,51.881367
-0.441849,51.883160
-0.441849,51.883160
-0.441849,51.883160
-0.441849,51.883160
-0.435431,51.881367
-0.443305,51.886857
-0.441849,51.883160
-0.441849,51.883160
-0.446715,51.884888
-0.446715,51.884888
-0.450109,51.883377
-0.441849,51.883160
-0.441849,51.883160
-0.446715,51.884888
-0.435431,51.881367
-0.441849,51.883160
-0.450109,51.883377
-0.443305,51.886857
-0.461768,51.887028
-0.458160,51.884607
-0.458160,51.884607
-0.452656,51.883231
-0.452656,51.883231
-0.447592,51.883038
-0.453812,51.883840
-0.452656,51.883231
-0.452656,51.883231
-0.447592,51.883038
-0.458160,51.884607
-0.458160,51.884607
-0.447592,51.883038
-0.447592,51.883038
-0.461768,51.887028
-0.423300,51.880917
-0.425229,51.881024
-0.428307,51.880238
-0.426683,51.878921
-0.428307,51.880238
-0.427079,51.880050
-0.423300,51.880917
-0.426106,51.882951
-0.428307,51.880238
-0.426106,51.882951
-0.423300,51.880917
-0.426106,51.882951
-0.429552,51.880380
-0.426106,51.882951
-0.426683,51.878921
-0.430665,51.880530
-0.428307,51.880238
-0.426683,51.878921
-0.428307,51.880238
-0.428307,51.880238
-0.428307,51.880238
-0.432930,51.882682
-0.433553,51.881045
-0.432930,51.882682
-0.432930,51.882682
-0.439539,51.883984
-0.432930,51.882682
-0.431648,51.880687
-0.432600,51.880870
-0.432930,51.882682
-0.431648,51.880687
-0.432983,51.879904
-0.434210,51.879282
-0.432930,51.882682
-0.429720,51.868468
-0.433950,51.870476
-0.431968,51.867303
-0.433950,51.870476
-0.430369,51.869026
-0.434025,51.867465
-0.431968,51.867303
-0.432864,51.869113
-0.433950,51.870476
-0.433950,51.870476
-0.432864,51.869113
-0.432864,51.869113
-0.433424,51.870973
-0.433950,51.870476
-0.431197,51.869855
-0.431197,51.869855
-0.431197,51.869855
-0.433950,51.870476
-0.432765,51.871962
-0.433950,51.870476
-0.433424,51.870973
-0.442404,51.876766
-0.442916,51.879173
-0.439289,51.878190
-0.442216,51.880099
-0.443421,51.877606
-0.444067,51.876572
-0.440366,51.879814
-0.440366,51.879814
-0.442695,51.878010
-0.426951,51.875814
-0.428328,51.877154
-0.426951,51.875814
-0.426951,51.875814
-0.428587,51.875134
-0.433835,51.875852
-0.426951,51.875814
-0.426951,51.875814
-0.430259,51.877593
-0.432696,51.876879
-0.433835,51.875852
-0.433835,51.875852
-0.428328,51.877154
-0.433835,51.875852
-0.429570,51.874446
-0.433835,51.875852
-0.429570,51.874446
-0.424261,51.875058
-0.424282,51.872370
-0.425645,51.874528
-0.421995,51.875873
-0.424261,51.875058
-0.422858,51.876110
-0.427756,51.874395
-0.423156,51.874666
-0.421995,51.875873
-0.424957,51.872181
-0.424282,51.872370
-0.439093,51.875481
-0.437810,51.875599
-0.436452,51.870779
-0.439093,51.875481
-0.437810,51.875599
-0.437810,51.875599
-0.438897,51.874408
-0.437735,51.874833
-0.436999,51.872180
-0.437363,51.873417
-0.440623,51.875339
-0.439093,51.875481
-0.436999,51.872180
-0.440555,51.874349
-0.439629,51.872997
-0.439629,51.872997
-0.440555,51.874349
-0.437810,51.875599
-0.439093,51.875481
-0.437810,51.875599
-0.439629,51.872997
-0.439093,51.875481
-0.438897,51.874408
-0.438897,51.874408
-0.436523,51.872920
-0.433430,51.874569
-0.428919,51.871434
-0.428919,51.871434
-0.428919,51.871434
-0.428919,51.871434
-0.427779,51.871635
-0.418310,51.865807
-0.418310,51.865807
-0.419677,51.871553
-0.421889,51.874334
-0.418310,51.865807
-0.421889,51.874334
-0.419476,51.872297
-0.420813,51.872279
-0.421329,51.869993
-0.419204,51.873012
-0.419476,51.872297
-0.421552,51.874824
-0.421272,51.875351
-0.423249,51.874083
-0.423249,51.874083
-0.423249,51.874083
-0.423249,51.874083
-0.419204,51.873012
-0.421889,51.874334
-0.418310,51.865807
-0.418310,51.865807
-0.418310,51.865807
-0.419544,51.870382
-0.422721,51.871306
-0.419544,51.870382
-0.420813,51.872279
-0.419476,51.872297
-0.419204,51.873012
-0.421272,51.875351
-0.419204,51.873012
-0.421272,51.875351
-0.419677,51.871553
-0.420813,51.872279
-0.421272,51.875351
-0.423249,51.874083
-0.403692,51.873369
-0.409847,51.871034
-0.395491,51.871558
-0.403796,51.872076
-0.406423,51.871311
-0.408840,51.871973
-0.409847,51.871034
-0.400412,51.874916
-0.409847,51.871034
-0.400412,51.874916
-0.400412,51.874916
-0.400412,51.874916
-0.400412,51.874916
-0.401610,51.872694
-0.401610,51.872694
-0.409847,51.871034
-0.395491,51.871558
-0.417563,51.875904
-0.417486,51.873124
-0.417563,51.875904
-0.413089,51.877138
-0.415830,51.877688
-0.419078,51.875375
-0.416240,51.875094
-0.413089,51.877138
-0.417031,51.877002
-0.417031,51.877002
-0.416100,51.874553
-0.410567,51.875315
-0.417847,51.874442
-0.419078,51.875375
-0.417563,51.875904
-0.410567,51.875315
-0.415830,51.877688
-0.419078,51.875375
-0.416859,51.878178
-0.416100,51.874553
-0.419078,51.875375
-0.417561,51.871830
-0.415830,51.877688
-0.416447,51.872112
-0.416447,51.872112
-0.416447,51.872112
-0.416100,51.874553
-0.415830,51.877688
-0.411705,51.875600
-0.417563,51.875904
-0.415830,51.877688
-0.417561,51.871830
-0.414681,51.874012
-0.417561,51.871830
-0.413089,51.877138
-0.411705,51.875600
-0.417561,51.871830
-0.417486,51.873124
-0.417847,51.874442
-0.419078,51.875375
-0.410567,51.875315
-0.417486,51.873124
-0.417348,51.877474
-0.417486,51.873124
-0.417031,51.877002
-0.416859,51.878178
-0.417486,51.873124
-0.417486,51.873124
-0.417486,51.873124
-0.417486,51.873124
-0.415830,51.877688
-0.414641,51.877204
-0.417563,51.875904
-0.413380,51.873806
-0.416859,51.878178
-0.416840,51.877458
-0.417486,51.873124
-0.416240,51.875094
-0.416859,51.878178
-0.416240,51.875094
-0.416840,51.877458
-0.414898,51.874861
-0.414641,51.877204
-0.414898,51.874861
-0.417486,51.873124
-0.417031,51.877002
-0.413089,51.877138
-0.416447,51.872112
-0.416901,51.873242
-0.416859,51.878178
-0.417348,51.877474
-0.412915,51.873404
-0.416100,51.874553
-0.417563,51.875904
-0.417563,51.875904
-0.417847,51.874442
-0.412915,51.873404
-0.416840,51.877458
-0.415830,51.877688
-0.413089,51.877138
-0.417563,51.875904
-0.415049,51.876328
-0.413986,51.870622
-0.414163,51.871380
-0.411084,51.873829
-0.414163,51.871380
-0.411084,51.873829
-0.411084,51.873829
-0.411084,51.873829
-0.416246,51.869987
-0.416526,51.869434
-0.413716,51.869647
-0.416246,51.869987
-0.412168,51.867819
-0.412168,51.867819
-0.414714,51.864374
-0.416526,51.869434
-0.412168,51.867819
-0.413716,51.869647
-0.415986,51.869103
-0.427713,51.878530
-0.427713,51.878530
-0.423121,51.876904
-0.423121,51.876904
-0.420317,51.877748
-0.419412,51.877853
-0.421286,51.877860
-0.423397,51.877744
-0.427713,51.878530
-0.419783,51.876806
-0.419905,51.875000
-0.427713,51.878530
-0.419526,51.876281
-0.423121,51.876904
-0.421460,51.877862
-0.423121,51.876904
-0.421460,51.877862
-0.419783,51.876806
-0.423397,51.877744
-0.423397,51.877744
-0.421460,51.877862
-0.421460,51.877862
-0.421460,51.877862
-0.421460,51.877862
-0.421460,51.877862
-0.429694,51.877972
-0.421460,51.877862
-0.421460,51.877862
-0.423121,51.876904
-0.419905,51.875000
-0.429694,51.877972
-0.420178,51.876325
-0.419905,51.875000
-0.421460,51.877862
-0.423121,51.876904
-0.421460,51.877862
-0.429694,51.877972
-0.421460,51.877862
-0.421460,51.877862
-0.419412,51.877853
-0.420178,51.876325
-0.421460,51.877862
-0.423397,51.877744
-0.421460,51.877862
-0.419783,51.876806
-0.421460,51.877862
-0.421460,51.877862
-0.207203,52.025927
-0.849898,52.193588
-0.271604,50.834400
-0.237124,50.832500
-0.323543,50.827200
-0.323543,50.827200
-3.559440,54.644500
-3.559440,54.644500
-1.369740,53.100700
-1.369740,53.100700
-0.546541,50.847800
-0.546541,50.847800
-0.640432,50.830800
-0.640432,50.830800
-0.488504,50.816400
-0.488504,50.816400
-0.578505,50.829400
-0.578505,50.829400
-0.546132,50.810200
-0.546132,50.810200
-0.546132,50.810200
-0.546132,50.810200
-0.546132,50.810200
-0.546132,50.810200
-0.546132,50.810200
-0.546132,50.810200
-0.546132,50.810200
-0.546132,50.810200
-0.676509,50.786800
-0.676509,50.786800
-0.676509,50.786800
-0.676509,50.786800
-0.676509,50.786800
-0.676509,50.786800
-0.676509,50.786800
-1.253250,53.100000
-1.253250,53.100000
-1.196280,53.038100
0.789822,51.208200
0.875130,51.143300
0.875130,51.143300
0.875130,51.143300
0.875130,51.143300
0.875130,51.143300
0.875130,51.143300
0.875130,51.143300
0.875130,51.143300
0.875130,51.143300
0.875130,51.143300
0.875130,51.143300
0.875130,51.143300
0.875130,51.143300
-0.815362,51.813600
-0.942636,51.771100
0.165776,51.544200
0.126787,51.540300
0.126787,51.540300
0.147617,51.541700
0.147617,51.541700
0.147617,51.541700
0.147617,51.541700
0.080833,51.539500
0.080833,51.539500
0.080833,51.539500
0.080833,51.539500
0.080833,51.539500
0.080333,51.539500
0.080333,51.539500
-0.194366,51.650600
-0.194366,51.650600
-0.194366,51.650600
-0.179222,51.630600
-0.185536,51.618000
-0.185536,51.618000
-0.185536,51.618000
-0.248722,51.612600
-0.248722,51.612600
-0.248722,51.612600
-0.248722,51.612600
-0.209922,51.608300
-0.209922,51.608300
-0.274770,51.613600
-0.274770,51.613600
-0.274770,51.613600
-0.188416,51.609500
-0.192477,51.601000
-0.264200,51.602900
-0.164847,51.587200
-0.164847,51.587200
-0.250165,51.595400
-0.250165,51.595400
-0.226465,51.583300
-0.239014,51.580200
-0.239014,51.580200
-0.239014,51.580200
-0.239014,51.580200
-0.239014,51.580200
-0.239014,51.580200
-0.239014,51.580200
-0.213482,51.576900
-0.194282,51.572300
-0.194282,51.572300
-0.194282,51.572300
-0.194282,51.572300
-0.194282,51.572300
-0.213042,51.558600
-0.213042,51.558600
-0.213042,51.558600
-0.213042,51.558600
-0.213042,51.558600
-1.477250,53.554300
-3.194360,54.115300
0.418410,51.628800
0.418410,51.628800
0.418410,51.628800
0.519225,51.614900
0.423792,51.567700
0.423792,51.567700
0.456690,51.568100
0.456690,51.568100
0.456690,51.568100
0.456690,51.568100
0.456690,51.568100
0.456690,51.568100
0.507025,51.560300
0.507025,51.560300
0.507025,51.560300
0.507025,51.560300
-1.087870,51.268500
-1.087870,51.268500
-1.087870,51.268500
-1.087870,51.268500
-1.087870,51.268500
-1.087870,51.268500
-1.087870,51.268500
-1.168690,53.324900
-0.947901,53.315100
-0.947901,53.315100
-1.122700,53.311500
-2.359120,51.378400
-2.359120,51.378400
-2.359120,51.378400
-2.359120,51.378400
-2.359120,51.378400
-0.479594,52.136000
-0.479594,52.136000
-0.479594,52.136000
-0.479594,52.136000
-0.479594,52.136000
-0.479594,52.136000
-0.479594,52.136000
-0.479594,52.136000
-0.479594,52.136000
-0.479594,52.136000
-0.479594,52.136000
-0.479594,52.136000
-0.479594,52.136000
0.174750,51.481900
0.190082,51.467900
0.190082,51.467900
0.133585,51.463600
0.133585,51.463600
0.133585,51.463600
0.133585,51.463600
0.159882,51.465000
0.159882,51.465000
0.079846,51.459300
0.178373,51.448200
0.178373,51.448200
0.178373,51.448200
0.178373,51.448200
0.178373,51.448200
0.147863,51.440300
0.147863,51.440300
0.103630,51.434000
0.101112,51.465000
0.101112,51.465000
0.101112,51.465000
-1.828220,52.579900
-1.825170,52.564900
-1.832520,52.535700
-1.852740,52.515400
-1.852740,52.515400
-1.852740,52.515400
-1.892290,52.479000
-1.892290,52.479000
-1.892290,52.479000
-1.810950,52.485100
-1.936790,52.451100
-1.936790,52.451100
-1.936790,52.451100
-1.936790,52.451100
-1.836670,52.444000
-1.935770,52.442000
-1.935770,52.442000
-1.926790,52.427600
-1.932900,52.414200
-1.932900,52.414200
-1.965230,52.408200
-1.980980,52.396700
-1.899410,52.483600
-1.898950,52.477800
-1.898950,52.477800
-1.898950,52.477800
-1.898950,52.477800
-1.898950,52.477800
-1.898950,52.477800
-1.898950,52.477800
-1.898950,52.477800
-1.898950,52.477800
-1.898950,52.477800
-1.898950,52.477800
-1.898950,52.477800
-1.898950,52.477800
-1.898950,52.477800
-1.898950,52.477800
-1.898950,52.477800
-1.898950,52.477800
-1.898950,52.477800
-1.898950,52.477800
-1.898950,52.477800
-1.898950,52.477800
-1.898950,52.477800
-1.898950,52.477800
-1.898950,52.477800
-1.898950,52.477800
-1.898950,52.477800
-1.898950,52.477800
-1.898950,52.477800
-1.898950,52.477800
-1.898950,52.477800
-1.898950,52.477800
-1.898950,52.477800
-1.898950,52.477800
-1.898950,52.477800
-1.898950,52.477800
-1.898950,52.477800
-1.898950,52.477800
-1.898950,52.477800
-1.898950,52.477800
-1.898950,52.477800
-1.898950,52.477800
-1.898950,52.477800
-1.898950,52.477800
-1.898950,52.477800
-1.898950,52.477800
-1.898950,52.477800
-1.858410,52.463300
-1.858410,52.463300
-1.839340,52.454200
-2.479050,53.746400
-3.049280,53.822000
-3.049280,53.822000
-3.049280,53.822000
-3.049280,53.822000
-3.049280,53.822000
-3.049280,53.822000
-3.049280,53.822000
-3.049280,53.822000
-2.539910,53.578000
-2.425080,53.573600
-2.425080,53.573600
-2.425080,53.573600
-2.425080,53.573600
-2.425080,53.573600
-0.031125,52.978000
-1.826880,50.731200
-1.826880,50.731200
-1.863950,50.727100
-1.863950,50.727100
-1.863950,50.727100
-1.863950,50.727100
-0.725166,51.407600
-0.751747,51.413000
-0.751747,51.413000
-0.819263,51.366500
-0.819263,51.366500
-0.803908,51.346600
-0.803908,51.346600
-1.944430,53.899900
-1.944430,53.899900
-1.753450,53.908200
-1.901730,53.868100
-1.901730,53.868100
-1.901730,53.868100
-1.844580,53.858400
-1.837160,53.848600
-1.837160,53.848600
-1.753790,53.850300
-1.773540,53.833000
-1.773540,53.833000
-1.773540,53.833000
-1.773540,53.833000
-1.752970,53.797500
-1.749460,53.791100
-1.752970,53.797500
-1.752970,53.797500
0.769121,51.971200
0.702318,51.840800
0.702318,51.840800
0.702318,51.840800
0.639435,51.805900
0.592345,51.780200
0.592345,51.780200
0.592345,51.780200
0.592345,51.780200
-0.285819,51.594400
-0.278804,51.584800
-0.278804,51.584800
-0.318038,51.578500
-0.279654,51.563500
-0.279654,51.563500
-0.279654,51.563500
-0.279654,51.563500
-0.279654,51.563500
-0.279654,51.563500
-0.303942,51.562500
-0.249790,51.554000
-0.315684,51.550900
-0.315684,51.550900
-0.286031,51.554600
-0.238877,51.552000
-0.238877,51.552000
-0.238877,51.552000
-0.276355,51.543000
-0.276355,51.543000
-0.276355,51.543000
-0.276355,51.543000
-0.276355,51.543000
-0.276355,51.543000
-0.276355,51.543000
-0.276355,51.543000
-0.221375,51.549200
-0.221375,51.549200
-0.221375,51.549200
-0.221375,51.549200
-0.221375,51.549200
-0.204645,51.547000
-0.258337,51.536500
-0.205101,51.534400
-0.205101,51.534400
-0.205101,51.534400
-0.219734,51.534700
-0.219734,51.534700
-0.219734,51.534700
-0.219734,51.534700
0.383949,51.666800
0.383949,51.666800
0.329913,51.630600
0.329913,51.630600
0.329913,51.630600
0.329913,51.630600
0.329913,51.630600
0.329913,51.630600
0.300725,51.613500
0.300725,51.613500
0.300725,51.613500
0.341328,51.568000
0.341328,51.568000
0.341328,51.568000
-3.654800,51.609900
-3.697180,51.525200
-3.575250,51.507000
-3.575250,51.507000
-0.155294,50.845900
-0.204784,50.835900
-0.204784,50.835900
-0.136552,50.836800
-0.170797,50.835200
-0.170797,50.835200
-0.141408,50.829600
-0.141408,50.829600
-0.141408,50.829600
-0.141408,50.829600
-0.141408,50.829600
-0.141408,50.829600
-0.141408,50.829600
-0.141408,50.829600
-0.141408,50.829600
-0.141408,50.829600
-0.141408,50.829600
-0.141408,50.829600
-0.141408,50.829600
-0.141408,50.829600
-0.141408,50.829600
-0.141408,50.829600
-0.141408,50.829600
-0.141408,50.829600
-0.141408,50.829600
-0.141408,50.829600
-0.141408,50.829600
-0.141408,50.829600
-0.141408,50.829600
-0.141408,50.829600
-0.141408,50.829600
-0.141408,50.829600
-0.141408,50.829600
-0.141408,50.829600
-0.141408,50.829600
-0.141408,50.829600
-0.141408,50.829600
-0.141408,50.829600
-0.141408,50.829600
-0.141408,50.829600
-0.141408,50.829600
-0.141408,50.829600
-2.679440,51.484300
-2.611260,51.464500
-2.611260,51.464500
-2.592650,51.441000
-2.580470,51.449800
-2.580470,51.449800
-2.580470,51.449800
-2.580470,51.449800
-2.580470,51.449800
-2.580470,51.449800
-2.580470,51.449800
-2.580470,51.449800
-2.580470,51.449800
-2.580470,51.449800
-2.580470,51.449800
-2.580470,51.449800
-2.580470,51.449800
-2.580470,51.449800
-2.580470,51.449800
-2.580470,51.449800
-2.580470,51.449800
-0.054308,51.419300
-0.054308,51.419300
-0.054308,51.419300
-0.072723,51.418100
-0.026721,51.410900
0.057689,51.405500
0.021377,51.413800
-0.045257,51.412300
0.106027,51.394800
0.106027,51.394800
0.106027,51.394800
-0.055991,51.403700
0.018489,51.400100
0.018489,51.400100
0.018489,51.400100
0.018489,51.400100
0.002457,51.405700
0.002457,51.405700
0.002457,51.405700
0.044278,51.400100
0.044278,51.400100
0.044278,51.400100
0.074341,51.388700
0.088874,51.373500
0.088874,51.373500
0.088874,51.373500
0.088874,51.373500
0.088874,51.373500
-0.014667,51.381500
-0.014667,51.381500
-0.014667,51.381500
0.010133,51.376400
0.010133,51.376400
0.108241,51.356600
-0.049651,51.398200
-0.049651,51.398200
-2.146450,52.422500
-2.047450,52.322200
0.005626,51.769300
-0.023847,51.702800
-0.023847,51.702800
-0.023847,51.702800
-0.023847,51.702800
-0.023847,51.702800
-0.023847,51.702800
-0.023847,51.702800
-0.023847,51.702800
-0.023847,51.702800
-0.023847,51.702800
-0.035542,51.692000
-2.249430,53.785200
-3.228090,51.709900
-3.229720,51.692800
-2.009380,53.737800
-2.099640,53.713900
-1.907010,53.707900
-1.853730,53.720900
-1.853730,53.720900
-1.853730,53.720900
-1.853730,53.720900
-1.853730,53.720900
-1.782180,53.698700
-1.782180,53.698700
0.136968,52.194800
0.136968,52.194800
0.136968,52.194800
0.136968,52.194800
0.136968,52.194800
0.136968,52.194800
0.136968,52.194800
0.136968,52.194800
0.136968,52.194800
0.136968,52.194800
0.136968,52.194800
0.136968,52.194800
0.136968,52.194800
0.136968,52.194800
0.136968,52.194800
0.136968,52.194800
0.136968,52.194800
0.136968,52.194800
-0.151328,51.555400
-0.140511,51.550600
-0.146810,51.546900
-0.164279,51.550500
-0.180377,51.547500
-0.180377,51.547500
-0.180377,51.547500
-0.180377,51.547500
-0.180377,51.547500
-0.180377,51.547500
-0.192541,51.548500
-0.192541,51.548500
-0.192541,51.548500
-0.192541,51.548500
-0.175587,51.543300
-0.139540,51.542000
-0.139540,51.542000
-0.139540,51.542000
-0.192026,51.537500
-0.192026,51.537500
-0.142761,51.539400
-0.142761,51.539400
-0.142761,51.539400
-0.142761,51.539400
-0.142761,51.539400
-0.142761,51.539400
-0.142761,51.539400
-0.126550,51.532500
-0.123533,51.530500
-0.126550,51.532500
-0.123533,51.530500
-0.126550,51.532500
-0.123533,51.530500
-0.126550,51.532500
-0.123533,51.530500
-0.126550,51.532500
-0.123533,51.530500
-0.126550,51.532500
-0.123533,51.530500
-0.126550,51.532500
-0.123189,51.531800
-0.123189,51.531800
-0.123189,51.531800
-0.123189,51.531800
-0.123189,51.531800
-0.123189,51.531800
-0.123189,51.531800
-0.123189,51.531800
-0.123189,51.531800
-0.123189,51.531800
-0.123189,51.531800
-0.123189,51.531800
-0.123189,51.531800
-0.126550,51.532500
-0.123533,51.530500
-0.126550,51.532500
-0.123533,51.530500
-0.126550,51.532500
-0.123533,51.530500
-0.126550,51.532500
-0.123533,51.530500
-0.126550,51.532500
-0.123189,51.531800
-0.126550,51.532500
-0.123189,51.531800
-0.126550,51.532500
-0.123189,51.531800
-0.126550,51.532500
-0.123189,51.531800
-0.126550,51.532500
-0.123189,51.531800
-0.126550,51.532500
-0.123189,51.531800
-0.126550,51.532500
-0.123189,51.531800
-0.126550,51.532500
-0.123189,51.531800
-0.126550,51.532500
-0.123189,51.531800
-0.126550,51.532500
-0.123189,51.531800
-0.126550,51.532500
-0.123189,51.531800
-0.126550,51.532500
-0.123189,51.531800
-0.126550,51.532500
-0.123189,51.531800
-0.126550,51.532500
-0.123189,51.531800
-0.126550,51.532500
-0.123189,51.531800
-0.126550,51.532500
-0.123189,51.531800
-0.126550,51.532500
-0.126550,51.532500
-0.126550,51.532500
-0.126550,51.532500
-0.126550,51.532500
-0.123533,51.530500
-0.126550,51.532500
-0.123533,51.530500
-0.126550,51.532500
-0.123533,51.530500
-0.126550,51.532500
-0.123189,51.531800
-0.123189,51.531800
-0.123189,51.531800
-0.123189,51.531800
-0.123189,51.531800
-0.123533,51.530500
-0.126550,51.532500
-0.123189,51.531800
-0.126550,51.532500
-0.123189,51.531800
-0.126550,51.532500
-0.123189,51.531800
-0.126550,51.532500
-0.123189,51.531800
-0.126550,51.532500
-0.123189,51.531800
-0.126550,51.532500
-0.123189,51.531800
-0.126550,51.532500
-0.123189,51.531800
-0.126550,51.532500
-0.123189,51.531800
-0.126550,51.532500
-0.126550,51.532500
-0.126550,51.532500
-0.126550,51.532500
-0.126550,51.532500
-0.126550,51.532500
-0.126550,51.532500
-0.126550,51.532500
-0.126550,51.532500
-0.126550,51.532500
-0.126550,51.532500
-0.126550,51.532500
-0.126550,51.532500
-0.126550,51.532500
-0.126550,51.532500
-0.126550,51.532500
-0.126550,51.532500
-0.126550,51.532500
-0.126550,51.532500
-0.126550,51.532500
-0.126550,51.532500
-0.123189,51.531800
-0.126550,51.532500
-0.123533,51.530500
-0.126550,51.532500
-0.123533,51.530500
-0.126550,51.532500
-0.123533,51.530500
-0.126550,51.532500
-0.123533,51.530500
-0.126550,51.532500
-0.123533,51.530500
-0.126550,51.532500
-0.123533,51.530500
-0.123533,51.530500
-0.123533,51.530500
-0.123533,51.530500
-0.123533,51.530500
-0.123533,51.530500
-0.123533,51.530500
-0.123533,51.530500
-0.123533,51.530500
-0.126550,51.532500
-0.126550,51.532500
-0.123533,51.530500
-0.126550,51.532500
-0.123533,51.530500
-0.126550,51.532500
-0.123533,51.530500
-0.126550,51.532500
-0.123189,51.531800
-0.126550,51.532500
-0.123189,51.531800
-0.123189,51.531800
-0.123189,51.531800
-0.126550,51.532500
-0.126550,51.532500
-0.126550,51.532500
-0.126550,51.532500
-0.126550,51.532500
-0.132415,51.528500
-0.132415,51.528500
-0.132415,51.528500
-0.132415,51.528500
-0.132415,51.528500
-0.132415,51.528500
-0.132415,51.528500
-0.133415,51.528500
-0.132415,51.528500
-0.132415,51.528500
-0.132415,51.528500
-0.132415,51.528500
-0.132415,51.528500
-0.132415,51.528500
-0.132415,51.528500
-0.132415,51.528500
-0.132415,51.528500
-0.132415,51.528500
-0.132415,51.528500
-0.132415,51.528500
-0.133415,51.528500
-0.133415,51.528500
-0.132415,51.528500
-0.132415,51.528500
-0.132415,51.528500
-0.132415,51.528500
-0.132415,51.528500
-0.132415,51.528500
-0.132415,51.528500
-0.132415,51.528500
-0.132415,51.528500
-0.132415,51.528500
-0.132415,51.528500
-0.132415,51.528500
-0.132415,51.528500
-0.132415,51.528500
-0.132415,51.528500
-0.132415,51.528500
-0.132415,51.528500
-0.132415,51.528500
-0.132415,51.528500
-0.132415,51.528500
-0.132415,51.528500
-0.132415,51.528500
-0.132415,51.528500
-0.132415,51.528500
-0.132415,51.528500
-0.132415,51.528500
-0.132415,51.528500
-0.132415,51.528500
-0.132415,51.528500
-0.132415,51.528500
-0.132415,51.528500
-0.132415,51.528500
-0.132415,51.528500
-0.132415,51.528500
-0.132415,51.528500
-0.132415,51.528500
-0.132415,51.528500
-0.133415,51.528500
-0.133415,51.528500
-0.133415,51.528500
-0.132415,51.528500
-0.132415,51.528500
-0.132415,51.528500
-0.132415,51.528500
-0.132415,51.528500
-0.132415,51.528500
-0.132415,51.528500
-0.132415,51.528500
-0.132415,51.528500
-0.132415,51.528500
-0.132415,51.528500
-0.132415,51.528500
-0.132415,51.528500
-0.133415,51.528500
-0.133415,51.528500
-0.133415,51.528500
-0.132415,51.528500
-0.132415,51.528500
-0.134680,51.520500
-0.134680,51.520500
-0.134680,51.520500
-0.135631,51.525500
-0.135631,51.525500
-0.138300,51.524703
-0.138300,51.524703
-0.138300,51.524703
-0.124329,51.523000
-0.124329,51.523000
-0.120207,51.517400
-0.120207,51.517400
-0.120207,51.517400
-0.120207,51.517400
-0.120207,51.517400
-0.120207,51.517400
-0.120207,51.517400
-0.120207,51.517400
-0.120207,51.517400
-0.120207,51.517400
-0.120207,51.517400
-0.120207,51.517400
-0.120207,51.517400
-0.120207,51.517400
-0.111568,51.518200
-0.111568,51.518200
-0.111568,51.518200
-0.120207,51.517400
-0.120207,51.517400
-0.120207,51.517400
-0.120207,51.517400
1.117700,51.364500
1.117700,51.364500
1.117700,51.364500
1.033320,51.357600
1.033320,51.357600
1.018650,51.257400
1.018650,51.257400
1.198930,51.241200
1.075720,51.274200
1.075720,51.274200
1.075720,51.274200
1.075220,51.284200
1.075220,51.284200
1.075220,51.284200
1.075220,51.284200
-3.179590,51.475600
-3.179590,51.475600
-3.179590,51.475600
-3.179590,51.475600
-3.179590,51.475600
-3.179590,51.475600
-3.179590,51.475600
-3.179590,51.475600
-3.179590,51.475600
-3.179590,51.475600
-3.179590,51.475600
-3.179590,51.475600
-3.179590,51.475600
-3.179590,51.475600
-3.179590,51.475600
-3.179590,51.475600
-3.179590,51.475600
-3.179590,51.475600
-3.179590,51.475600
-3.179590,51.475600
-3.179590,51.475600
-3.179590,51.475600
-3.179590,51.475600
-3.179590,51.475600
-3.179590,51.475600
-3.179590,51.475600
-3.179590,51.475600
-3.179590,51.475600
-3.179590,51.475600
-3.179590,51.475600
-3.179590,51.475600
-3.179590,51.475600
-3.179590,51.475600
-3.179590,51.475600
-3.179590,51.475600
-3.179590,51.475600
-2.933240,54.890600
-2.933240,54.890600
-2.933240,54.890600
-4.249250,51.684100
-4.161210,51.674000
0.561595,51.544100
0.561595,51.544100
0.561595,51.544100
-0.280983,52.124800
-0.280983,52.124800
-0.494991,52.003700
-0.494991,52.003700
-0.677326,51.916300
-1.196000,52.779200
-1.196000,52.779200
-1.196000,52.779200
0.468652,51.736500
0.468652,51.736500
0.468652,51.736500
0.468652,51.736500
0.606440,51.649500
0.606440,51.649500
0.606440,51.649500
-2.099820,51.897300
-2.099820,51.897300
-2.099820,51.897300
-1.327740,52.060400
-1.327740,52.060400
-1.327740,52.060400
-1.327740,52.060400
-1.327740,52.060400
-1.327740,52.060400
-2.226090,53.327000
-2.226090,53.327000
-2.226090,53.327000
-2.226090,53.327000
-2.371510,53.301900
-2.371510,53.301900
-2.279470,53.271000
-2.121550,53.259300
-2.351100,53.199300
-2.393770,53.150100
-2.298970,53.093000
-2.298970,53.093000
-2.432820,53.088600
-2.432820,53.088600
-2.432820,53.088600
-2.432820,53.088600
-2.432820,53.088600
-2.432820,53.088600
-2.432820,53.088600
-2.432820,53.088600
-2.432820,53.088600
-2.432820,53.088600
-2.432820,53.088600
-2.518520,53.063200
-2.723730,53.295700
-2.977320,53.297100
-2.924830,53.284100
-2.924830,53.284100
-2.943630,53.285400
-2.895980,53.281900
-2.942020,53.259700
-2.879830,53.196700
-2.879830,53.196700
-2.879830,53.196700
-2.879830,53.196700
-2.879830,53.196700
-2.879830,53.196700
-2.879830,53.196700
-2.879830,53.196700
-2.879830,53.196700
-2.879830,53.196700
-2.879830,53.196700
-2.879830,53.196700
-2.879830,53.196700
-2.879830,53.196700
-2.879830,53.196700
-2.879830,53.196700
-1.419860,53.238200
-1.419860,53.238200
-1.419860,53.238200
-1.419860,53.238200
-0.883751,50.846100
-0.907153,50.848200
-0.782472,50.832000
-0.782472,50.832000
-0.782472,50.832000
-0.782472,50.832000
-0.782472,50.832000
-0.782472,50.832000
-0.782472,50.832000
-0.782472,50.832000
-0.847156,50.842800
-0.847156,50.842800
-0.709268,51.703600
-0.607395,51.674100
-0.560904,51.668000
-1.784710,50.738400
-0.097762,51.520200
-0.097762,51.520200
-0.097762,51.520200
-0.075727,51.514300
-0.075727,51.514300
-0.075727,51.514300
-0.082914,51.517400
-0.088514,51.513400
-0.081475,51.518800
-0.081475,51.518800
-0.081475,51.518800
-0.081475,51.518800
-0.081475,51.518800
-0.081475,51.518800
-0.082914,51.517400
-0.081475,51.518800
-0.081475,51.518800
-0.081475,51.518800
-0.081475,51.518800
-0.081475,51.518800
-0.081475,51.518800
-0.081475,51.518800
-0.081475,51.518800
-0.082914,51.517400
-0.081475,51.518800
-0.078525,51.511500
-0.081475,51.518800
-0.088514,51.513400
-0.082914,51.517400
-0.078525,51.511500
-0.082914,51.517400
-0.090902,51.510200
-0.081475,51.518800
-0.103132,51.511400
-0.081475,51.518800
-0.082914,51.517400
-0.081475,51.518800
-0.081475,51.518800
-0.081475,51.518800
-0.081475,51.518800
-0.081475,51.518800
-0.082914,51.517400
-0.088514,51.513400
-0.081475,51.518800
-0.088514,51.513400
-0.082914,51.517400
-0.088514,51.513400
-0.081475,51.518800
-0.081475,51.518800
-0.088300,51.518100
-0.081475,51.518800
-0.081475,51.518800
-0.081475,51.518800
-0.081475,51.518800
-0.081475,51.518800
-0.081475,51.518800
-0.081475,51.518800
-0.088514,51.513400
-0.097602,51.514900
-0.088514,51.513400
-0.082914,51.517400
-0.088514,51.513400
-0.088300,51.518100
-0.088514,51.513400
-0.097602,51.514900
-0.088514,51.513400
-0.081475,51.518800
-0.103036,51.511600
-0.081475,51.518800
-0.088514,51.513400
-0.081475,51.518800
-0.088514,51.513400
-0.081475,51.518800
-0.088514,51.513400
-0.081475,51.518800
-0.082914,51.517400
-0.081475,51.518800
-0.088514,51.513400
-0.082914,51.517400
-0.088514,51.513400
-0.082914,51.517400
-0.103036,51.511600
-0.082914,51.517400
-0.078525,51.511500
-0.082914,51.517400
-0.078525,51.511500
-0.081475,51.518800
-0.078525,51.511500
-0.081475,51.518800
-0.082914,51.517400
-0.081475,51.518800
-0.081475,51.518800
-0.081475,51.518800
-0.081475,51.518800
-0.082914,51.517400
0.904652,51.886500
0.904652,51.886500
0.904652,51.886500
0.892427,51.900500
0.892427,51.900500
0.892427,51.900500
0.892427,51.900500
0.892427,51.900500
0.892427,51.900500
0.892427,51.900500
0.892427,51.900500
0.892427,51.900500
0.892427,51.900500
0.892427,51.900500
0.782628,51.880900
0.955790,51.856700
0.955790,51.856700
0.955790,51.856700
0.927229,51.885900
0.927229,51.885900
-3.828050,53.320200
-3.725670,53.296800
-3.582230,53.294900
-3.923660,53.270500
-0.688297,52.489100
-4.469460,50.446800
-4.704650,50.355600
-4.789250,50.339600
-4.789250,50.339600
-4.789250,50.339600
-4.789250,50.339600
-5.064160,50.264000
-5.064160,50.264000
-5.064160,50.264000
-5.064160,50.264000
-5.064160,50.264000
-5.297550,50.210300
-5.444100,50.170500
-5.055840,50.150800
-1.581800,54.779400
-1.581800,54.779400
-1.581800,54.779400
-1.581800,54.779400
-1.581800,54.779400
-1.581800,54.779400
-1.513750,52.400800
-1.513750,52.400800
-1.513750,52.400800
-1.513750,52.400800
-1.513750,52.400800
-1.513750,52.400800
-1.513750,52.400800
-1.513750,52.400800
-1.513750,52.400800
-1.513750,52.400800
-1.513750,52.400800
-1.513750,52.400800
-1.513750,52.400800
-1.513750,52.400800
-1.513750,52.400800
-1.547720,52.399300
-1.597100,52.395200
-2.025950,53.958400
-0.160917,51.156300
-0.160917,51.156300
-0.160917,51.156300
-0.160917,51.156300
-0.160917,51.156300
-0.160917,51.156300
-0.160917,51.156300
-0.186688,51.112100
-0.186688,51.112100
-0.160992,51.117400
-0.160992,51.117400
-0.160992,51.117400
-0.160992,51.117400
-0.214678,51.115800
-0.214678,51.115800
-0.122037,51.411500
-0.074700,51.397300
-0.074700,51.397300
-0.074700,51.397300
-0.074700,51.397300
-0.074700,51.397300
-0.074700,51.397300
-0.074700,51.397300
-0.074700,51.397300
-0.074700,51.397300
-0.101165,51.399200
-0.089068,51.392800
-0.065160,51.387200
-0.123789,51.382400
-0.102296,51.378800
-0.101721,51.379000
-0.101721,51.379000
-0.101721,51.379000
-0.101721,51.379000
-0.092507,51.375700
-0.092507,51.375700
-0.092507,51.375700
-0.092507,51.375700
-0.092507,51.375700
-0.092507,51.375700
-0.092507,51.375700
-0.092507,51.375700
-0.092507,51.375700
-0.092507,51.375700
-0.092657,51.374900
-0.092507,51.375700
-0.092507,51.375700
-0.092507,51.375700
-0.092507,51.375700
-0.092507,51.375700
-0.092507,51.375700
-0.092507,51.375700
-0.092507,51.375700
-0.092507,51.375700
-0.092507,51.375700
-0.092507,51.375700
-0.092507,51.375700
-0.092507,51.375700
-0.092507,51.375700
-0.092507,51.375700
-0.080804,51.364200
-0.098586,51.374000
-0.093439,51.363000
-0.093576,51.348300
-0.017703,51.342800
-0.033021,51.356300
-0.033021,51.356300
-0.113977,51.337600
-0.113977,51.337600
-0.113977,51.337600
-0.137857,51.315800
-0.100996,51.324800
-0.060431,51.399600
-0.058269,51.391600
-0.058269,51.391600
-0.058269,51.391600
-0.058269,51.391600
-0.562275,51.763500
-0.562275,51.763500
-0.562275,51.763500
-0.490835,51.742200
-1.554280,54.535900
-1.546670,54.520900
-1.546670,54.520900
-1.546670,54.520900
-1.546670,54.520900
-1.546670,54.520900
-1.546670,54.520900
-1.546670,54.520900
-1.546670,54.520900
-1.546670,54.520900
-1.546670,54.520900
-1.546670,54.520900
-1.467260,54.515000
0.279509,51.450800
0.218338,51.447900
0.218338,51.447900
0.218338,51.447900
0.218338,51.447900
0.218338,51.447900
0.218338,51.447900
0.218338,51.447900
0.218338,51.447900
0.300365,51.396100
-3.407130,53.336100
-3.407130,53.336100
-3.488920,53.318200
-3.488920,53.318200
-3.488920,53.318200
-3.488920,53.318200
-1.463310,52.916100
-1.463310,52.916100
-1.463310,52.916100
-1.463310,52.916100
-1.463310,52.916100
-1.463310,52.916100
-1.463310,52.916100
-1.463310,52.916100
-1.463310,52.916100
-1.463310,52.916100
-1.463310,52.916100
-1.463310,52.916100
-1.463310,52.916100
-1.463310,52.916100
-1.556830,53.122500
-1.151110,53.543900
-1.151110,53.543900
-1.139610,53.522000
-1.139610,53.522000
-1.139610,53.522000
-1.139610,53.522000
-1.139610,53.522000
-1.139610,53.522000
-1.139610,53.522000
-1.139610,53.522000
-1.139610,53.522000
-1.139610,53.522000
-1.139610,53.522000
-1.139610,53.522000
-1.139610,53.522000
-1.139610,53.522000
-1.139610,53.522000
-1.139610,53.522000
1.398770,51.223200
1.271920,51.149400
1.271920,51.149400
1.304180,51.126200
1.304180,51.126200
1.304180,51.126200
-2.141980,52.455600
-2.134150,52.447500
-2.134150,52.447500
-2.134150,52.447500
-2.134150,52.447500
-2.134150,52.447500
-2.134150,52.447500
-0.368440,51.548200
-0.368440,51.548200
-0.346548,51.542300
-0.346548,51.542300
-0.293024,51.530100
-0.267489,51.517200
-0.267489,51.517200
-0.320141,51.513600
-0.301293,51.514900
-0.301993,51.514900
-0.301993,51.514900
-0.301993,51.514900
-0.301993,51.514900
-0.301293,51.514900
-0.301293,51.514900
-0.378274,51.506000
-0.378274,51.506000
-0.378274,51.506000
-0.288275,51.510200
-0.314137,51.499400
-0.314137,51.499400
-0.314137,51.499400
-0.314137,51.499400
-0.314137,51.499400
-0.307300,51.500900
-0.307300,51.500900
-0.314137,51.499400
-0.280208,51.502800
-0.280208,51.502800
-0.280208,51.502800
-0.280208,51.502800
-0.280208,51.502800
-0.280208,51.502800
-0.280208,51.502800
-0.280208,51.502800
0.279401,50.796400
0.279401,50.796400
0.281612,50.769500
0.281612,50.769500
0.281612,50.769500
0.281612,50.769500
0.281612,50.769500
0.281612,50.769500
0.281612,50.769500
0.281612,50.769500
0.281612,50.769500
0.281612,50.769500
0.281612,50.769500
0.281612,50.769500
0.281612,50.769500
0.281612,50.769500
0.281612,50.769500
0.281612,50.769500
0.281612,50.769500
0.281612,50.769500
0.316364,52.462300
0.316364,52.462300
0.266342,52.390600
-3.285010,50.786500
-3.004730,50.779200
-3.004730,50.779200
-3.416140,50.621600
-3.416140,50.621600
-0.967038,51.152000
-0.800170,51.071300
-0.800170,51.071300
-0.800170,51.071300
-0.941549,51.006600
-0.941549,51.006600
-0.941549,51.006600
-0.941549,51.006600
-0.941549,51.006600
0.165050,51.866900
0.165050,51.866900
0.165050,51.866900
-0.028764,51.808000
-0.028764,51.808000
-0.028764,51.808000
-0.092330,51.798700
-0.092330,51.798700
-0.092330,51.798700
-0.092330,51.798700
-0.072903,51.799200
-0.072903,51.799200
0.001160,51.788000
0.001160,51.788000
0.001160,51.788000
-1.349870,50.969200
-1.349870,50.969200
0.334513,53.143200
-0.199797,54.084400
-0.199797,54.084400
-0.199797,54.084400
-0.422996,53.842300
-0.422996,53.842300
-0.406347,53.781600
-0.874242,53.705000
-2.758840,54.661900
-0.342281,51.402300
-0.342281,51.402300
-0.342281,51.402300
-0.389509,51.376900
-0.389509,51.376900
-0.389509,51.376900
-0.340666,51.375000
-0.414942,51.372700
-0.414942,51.372700
-0.414942,51.372700
-0.414942,51.372700
-0.348081,51.361000
-0.457665,51.361300
-0.457665,51.361300
-0.389293,51.318000
-0.389293,51.318000
-0.362421,51.336300
-0.362421,51.336300
-0.362421,51.336300
-0.362421,51.336300
-0.362421,51.336300
-0.362421,51.336300
-0.047236,51.672700
-0.047236,51.672700
-0.028652,51.670800
-0.028652,51.670800
-0.031262,51.655300
-0.094302,51.663100
-0.090772,51.653100
-0.149683,51.651700
-0.149683,51.651700
-0.127299,51.632200
-0.067091,51.615100
-0.067091,51.615100
-0.067091,51.615100
-0.061301,51.624900
-0.061301,51.624900
-0.133527,51.616400
-0.133527,51.616400
-0.133527,51.616400
-0.111728,51.618500
-0.111728,51.618500
-0.111728,51.618500
0.035851,51.775600
0.113928,51.693700
0.113928,51.693700
0.113928,51.693700
0.113928,51.693700
0.113928,51.693700
0.113928,51.693700
0.113928,51.693700
0.083742,51.645400
0.055287,51.641400
0.055287,51.641400
0.046936,51.626400
0.092647,51.613100
0.092647,51.613100
-0.248526,51.363200
-0.268492,51.334700
-0.268492,51.334700
-0.268492,51.334700
-0.268492,51.334700
-0.268492,51.334700
-0.268492,51.334700
-0.268492,51.334700
-0.256838,51.350500
-0.256838,51.350500
-0.256838,51.350500
-0.256838,51.350500
-0.241096,51.345300
-3.543310,50.729200
-3.543310,50.729200
-3.543310,50.729200
-3.543310,50.729200
-3.543310,50.729200
-3.543310,50.729200
-3.543310,50.729200
-3.543310,50.729200
-3.543310,50.729200
-1.192400,50.853400
-1.192400,50.853400
-1.192400,50.853400
-1.124690,50.848800
-1.124690,50.848800
-1.124690,50.848800
0.091253,52.560100
0.091253,52.560100
0.091253,52.560100
-3.132260,53.249600
-3.038440,53.212500
-3.038440,53.212500
-2.238590,51.865400
0.366631,51.441300
0.366631,51.441300
0.366631,51.441300
0.366631,51.441300
0.366631,51.441300
0.366631,51.441300
0.366631,51.441300
0.366631,51.441300
0.366631,51.441300
0.366631,51.441300
0.366631,51.441300
0.366631,51.441300
0.366631,51.441300
0.328747,51.442900
0.328747,51.442900
0.328747,51.442900
0.120048,51.491500
0.120048,51.491500
0.120048,51.491500
0.120048,51.491500
0.069699,51.489900
0.069699,51.489900
0.069699,51.489900
0.069576,51.489793
0.069699,51.489900
0.069699,51.489900
0.054632,51.491200
0.002977,51.482700
0.052029,51.455700
0.050072,51.440300
0.050072,51.440300
0.030798,51.486800
0.030798,51.486800
0.003574,51.500300
0.003574,51.500300
0.003574,51.500300
0.003574,51.500300
0.003574,51.500300
-0.013976,51.478300
-0.502962,51.264100
-0.419950,51.291500
-0.435505,51.279400
-0.730968,51.275800
-0.581051,51.237000
-0.581051,51.237000
-0.581051,51.237000
-0.581051,51.237000
-0.581051,51.237000
-0.581051,51.237000
-0.581051,51.237000
-0.581051,51.237000
-0.581051,51.237000
-0.581051,51.237000
-4.135390,53.222600
-4.135390,53.222600
-4.135390,53.222600
-4.135390,53.222600
-4.237520,52.918300
-0.095745,51.571000
-0.095745,51.571000
-0.072856,51.565200
-0.072856,51.565200
-0.072856,51.565200
-0.060787,51.548800
-0.060787,51.548800
-0.056879,51.547100
-0.056879,51.547100
-0.042413,51.547100
-0.042413,51.547100
-0.042413,51.547100
-0.075957,51.548200
-0.075957,51.548200
-0.075090,51.545800
-0.075468,51.538700
-0.075599,51.531500
-0.075599,51.531500
-0.057071,51.561500
-0.057071,51.561500
-0.057071,51.561500
-2.775230,53.372600
-2.734100,53.378600
-2.734100,53.378600
-2.734100,53.378600
-2.739780,53.338600
-1.441690,54.333000
-1.441690,54.333000
-1.372770,54.228200
-1.372770,54.228200
-1.372770,54.228200
-0.224226,51.511900
-0.224226,51.511900
-0.244558,51.532000
-0.244558,51.532000
-0.218692,51.504700
-0.218692,51.504700
-0.217600,51.505200
-0.218692,51.504700
-0.218692,51.504700
-0.218692,51.504700
-0.218692,51.504700
-0.218692,51.504700
-0.217600,51.505200
-0.217600,51.505200
-0.226649,51.501800
-0.210391,51.497900
-0.210391,51.497900
-0.210391,51.497900
-0.223332,51.492600
-0.223332,51.492600
-0.223332,51.492600
-0.223332,51.492600
-0.223332,51.492600
-0.223332,51.492600
-0.213470,51.490300
-0.213470,51.490300
-0.194956,51.480500
-0.195500,51.487000
-0.201195,51.475300
-0.182770,51.475000
-0.182770,51.475000
-0.909088,52.480100
-0.909088,52.480100
-0.909088,52.480100
-0.120461,51.598000
-0.124362,51.607100
-0.124362,51.607100
-0.124362,51.607100
-0.124362,51.607100
-0.124362,51.607100
-0.124362,51.607100
-0.109813,51.597500
-0.109813,51.597500
-0.069925,51.593900
-0.069925,51.593900
-0.069925,51.593900
-0.069925,51.593900
-0.069925,51.593900
-0.053862,51.602200
-0.059334,51.589000
-0.059334,51.589000
-0.059334,51.589000
-0.059334,51.589000
-0.059934,51.588000
-0.059934,51.588000
-0.059934,51.588000
-0.059934,51.588000
-0.059334,51.589000
-0.072700,51.583400
-0.072700,51.583400
-0.072700,51.583400
-0.072700,51.583400
-0.074846,51.582500
-0.074846,51.582500
-0.070644,51.581000
-0.074846,51.582500
-0.074846,51.582500
-0.074846,51.582500
-0.074846,51.582500
-0.074846,51.582500
-0.074846,51.582500
-0.105315,51.577500
-0.070782,51.605000
0.132169,51.790500
0.095133,51.781100
0.095133,51.781100
0.095133,51.781100
0.095133,51.781100
0.095133,51.781100
0.095133,51.781100
0.095133,51.781100
0.095133,51.781100
-0.303128,51.619600
-0.303128,51.619600
-0.294705,51.607700
-0.368685,51.609400
-0.335417,51.592400
-0.335417,51.592400
-0.357003,51.602600
-0.381032,51.592800
-0.381032,51.592800
-0.337349,51.579000
-0.337349,51.579000
-0.337349,51.579000
-0.337349,51.579000
-0.352564,51.564800
-0.352564,51.564800
-0.352564,51.564800
-0.352564,51.564800
-0.371200,51.575100
-0.371200,51.575100
-0.371200,51.575100
-0.371200,51.575100
-0.371200,51.575100
-0.371200,51.575100
-0.371200,51.575100
-0.777605,51.331900
-0.831032,51.290700
-0.831032,51.290700
-0.831032,51.290700
-0.831032,51.290700
-0.831032,51.290700
-0.831032,51.290700
-0.831032,51.290700
-0.831032,51.290700
-0.831032,51.290700
-0.961193,51.279800
-0.961193,51.279800
-0.961193,51.279800
-1.208080,54.686800
0.573745,50.857900
0.573745,50.857900
0.573745,50.857900
0.573745,50.857900
0.573745,50.857900
0.573745,50.857900
0.573745,50.857900
-0.938658,50.851400
-0.938658,50.851400
-0.938658,50.851400
-0.938658,50.851400
-0.938658,50.851400
-0.938658,50.851400
-0.966982,50.853500
-0.981920,50.854500
-0.981920,50.854500
-0.981920,50.854500
-0.981920,50.854500
-0.981920,50.854500
-0.981920,50.854500
0.205951,51.581900
0.182422,51.574600
0.182422,51.574600
0.182422,51.574600
0.182422,51.574600
0.182422,51.574600
0.182422,51.574600
0.182422,51.574600
0.251263,51.559000
0.251263,51.559000
0.251263,51.559000
0.251263,51.559000
0.251263,51.559000
0.251263,51.559000
0.251263,51.559000
0.251263,51.559000
0.251263,51.559000
0.251263,51.559000
0.224200,51.509800
0.189851,51.517200
0.189851,51.517200
0.189851,51.517200
0.189851,51.517200
-2.708180,52.061200
-0.193150,51.697500
-0.193150,51.697500
-0.317064,51.685300
-0.280020,51.653100
-0.280020,51.653100
-0.280020,51.653100
-0.280020,51.653100
-0.280020,51.653100
-0.280020,51.653100
-0.280020,51.653100
-0.280020,51.653100
-0.280020,51.653100
-0.280020,51.653100
-2.007940,53.359500
-0.423907,51.611200
-0.423907,51.611200
-0.397225,51.576600
-0.412740,51.573200
-0.421548,51.571400
-0.421548,51.571400
-0.442161,51.561900
-0.449924,51.553800
-0.478107,51.546500
-0.478107,51.546500
-0.478107,51.546500
-0.472293,51.510000
-0.472293,51.510000
-0.472293,51.510000
-0.472293,51.510000
-0.472293,51.510000
-0.472293,51.510000
-0.472293,51.510000
-0.420337,51.503000
-0.420337,51.503000
-0.420337,51.503000
-0.420337,51.503000
-0.420337,51.503000
-0.420337,51.503000
-0.454000,51.471000
-0.488000,51.472300
-0.423349,51.466700
-0.423349,51.466700
-0.488000,51.472300
-0.488000,51.472300
-0.445880,51.459100
-0.488000,51.472300
-0.454000,51.471000
-0.454000,51.471000
-0.319252,51.066100
-0.319252,51.066100
-0.319252,51.066100
-0.319252,51.066100
-0.363877,51.050800
-0.363877,51.050800
-0.363877,51.050800
-0.363877,51.050800
-0.516564,50.957500
-0.310082,51.487500
-0.325133,51.481700
-0.352154,51.481200
-0.352154,51.481200
-0.336945,51.474800
-0.356514,51.473200
-0.385768,51.473400
-0.385768,51.473400
-0.385768,51.473400
-0.385768,51.473400
-0.366648,51.471300
-0.366648,51.471300
-0.366648,51.471300
-0.366648,51.471300
-0.361127,51.462300
-0.361127,51.462300
-0.361127,51.462300
-0.361127,51.462300
-0.361127,51.462300
-0.409131,51.447900
-0.409131,51.447900
-0.409131,51.447900
-0.409131,51.447900
-0.409131,51.447900
-0.275285,51.491700
-0.192441,52.328800
-0.192441,52.328800
-0.192441,52.328800
-0.192441,52.328800
-0.247391,52.231400
-0.247391,52.231400
-0.247391,52.231400
-0.247391,52.231400
-0.247391,52.231400
-0.247391,52.231400
-2.369580,53.753000
1.144260,52.050600
1.144260,52.050600
1.144260,52.050600
1.144260,52.050600
1.144260,52.050600
1.144260,52.050600
1.144260,52.050600
1.144260,52.050600
1.144260,52.050600
1.144260,52.050600
-4.631170,53.307700
-4.631170,53.307700
-4.563590,53.281600
-0.117086,51.571400
-0.135147,51.565500
-0.135147,51.565500
-0.107095,51.564600
-0.107095,51.564600
-0.105683,51.564500
-0.107095,51.564600
-0.107095,51.564600
-0.107095,51.564600
-0.105683,51.564500
-0.107095,51.564600
-0.107095,51.564600
-0.107095,51.564600
-0.105683,51.564500
-0.105683,51.564500
-0.107400,51.558600
-0.137959,51.556700
-0.137959,51.556700
-0.112922,51.552800
-0.102950,51.546340
-0.102950,51.546340
-0.103977,51.546200
-0.103977,51.546200
-0.103977,51.546200
-0.092499,51.548600
-0.092499,51.548600
-0.114475,51.543800
-0.114475,51.543800
-0.114475,51.543800
-0.118361,51.548500
-0.118361,51.548500
-0.105400,51.531700
-0.105400,51.531700
-0.105400,51.531700
-0.105400,51.531700
-0.105400,51.531700
-0.105400,51.531700
-0.104966,51.520300
-0.104966,51.520300
-0.104966,51.520300
-0.104966,51.520300
-0.104965,51.519900
-0.104965,51.519900
-0.104966,51.520300
-0.087601,51.525800
-0.087601,51.525800
-0.087601,51.525800
-0.087601,51.525800
-0.087601,51.525800
-0.200869,51.520900
-0.210781,51.517400
-0.196476,51.509200
-0.196476,51.509200
-0.196476,51.509200
-0.196476,51.509200
-0.196476,51.509200
-0.196476,51.509200
-0.196476,51.509200
-0.196476,51.509200
-0.205753,51.507400
-0.205753,51.507400
-0.205753,51.507400
-0.192400,51.501000
-0.192400,51.501000
-0.192400,51.501000
-0.160536,51.501600
-0.160536,51.501600
-0.160536,51.501600
-0.193542,51.491900
-0.193542,51.491900
-0.193542,51.491900
-0.193542,51.491900
-0.193542,51.491900
-0.193542,51.491900
-0.193542,51.491900
-0.193542,51.491900
-0.173900,51.494100
-0.173900,51.494100
-0.173900,51.494100
-0.173900,51.494100
-0.173900,51.494100
-0.173900,51.494100
-0.182929,51.494300
-0.732066,52.393400
0.403220,52.753800
0.403220,52.753800
0.403220,52.753800
0.403220,52.753800
0.403220,52.753800
0.383213,52.673200
0.383213,52.673200
0.365564,52.604100
0.365564,52.604100
-0.347670,53.744100
-0.347670,53.744100
-0.347670,53.744100
-0.347670,53.744100
-0.347670,53.744100
-0.347670,53.744100
-0.347670,53.744100
-0.347670,53.744100
-0.347670,53.744100
-0.301361,51.412900
-0.301361,51.412900
-0.301361,51.412900
-0.301361,51.412900
-0.301361,51.412900
-0.284182,51.412300
-0.284182,51.412300
-0.284182,51.412300
-0.284182,51.412300
-0.255868,51.404000
-0.303827,51.392500
-0.303827,51.392500
-0.303827,51.392500
-0.303827,51.392500
-0.303827,51.392500
-0.303827,51.392500
-0.303827,51.392500
-0.303827,51.392500
-0.261199,51.384800
-0.261199,51.384800
-0.261199,51.384800
-0.261199,51.384800
-0.245066,51.381200
-0.245066,51.381200
-0.245066,51.381200
-0.279400,51.376900
-0.279400,51.376900
-1.784750,53.648500
-1.784750,53.648500
-1.784750,53.648500
-1.784750,53.648500
-1.784750,53.648500
-1.881460,53.623900
-1.930310,53.603300
-2.900600,53.487100
-2.842760,53.409600
-2.842760,53.409600
-2.842760,53.409600
-2.842760,53.409600
-0.122848,51.486100
-0.122848,51.486100
-0.122848,51.486100
-0.122848,51.486100
-0.122848,51.486100
-0.122848,51.486100
-0.122848,51.486100
-0.122848,51.486100
-0.124348,51.485800
-0.124348,51.485800
-0.124348,51.485800
-0.124348,51.485800
-0.112833,51.482000
-0.112833,51.482000
-0.112833,51.482000
-0.123038,51.472400
-0.123038,51.472400
-0.114834,51.462800
-0.114834,51.462800
-0.113609,51.463600
-0.113609,51.463600
-0.114834,51.462800
-0.114834,51.462800
-0.114834,51.462800
-0.114834,51.462800
-0.114834,51.462800
-0.129601,51.465000
-0.129601,51.465000
-0.129601,51.465000
-0.138386,51.461800
-0.102180,51.466300
-0.102180,51.466300
-0.102340,51.454100
-0.102340,51.454100
-0.104974,51.439900
-0.104974,51.439900
-0.104974,51.439900
-0.127788,51.438600
-0.127788,51.438600
-0.127788,51.438600
-0.127788,51.438600
-0.127788,51.438600
-0.127788,51.438600
-0.084269,51.425100
-0.109192,51.504200
-0.109192,51.504200
-0.109192,51.504200
-0.109192,51.504200
-0.109192,51.504200
-0.109192,51.504200
-0.109192,51.504200
-0.109192,51.504200
-0.113136,51.502900
-0.113136,51.502900
-0.113136,51.502900
-0.113136,51.502900
-0.113136,51.502900
-0.113136,51.502900
-0.113136,51.502900
-0.113136,51.502900
-0.113136,51.502900
-0.113136,51.502900
-0.113136,51.502900
-0.113136,51.502900
-0.113136,51.502900
-0.113136,51.502900
-0.113136,51.502900
-0.113136,51.502900
-0.113136,51.502900
-0.113136,51.502900
-0.115136,51.502900
-0.113136,51.502900
-0.113136,51.502900
-0.113136,51.502900
-0.115136,51.502900
-0.115136,51.502900
-0.113136,51.502900
-0.113136,51.502900
-0.113136,51.502900
-0.113136,51.502900
-0.113136,51.502900
-0.113136,51.502900
-0.113136,51.502900
-0.113136,51.502900
-0.113136,51.502900
-0.113136,51.502900
-0.113136,51.502900
-0.113136,51.502900
-0.113136,51.502900
-0.113136,51.502900
-0.113136,51.502900
-0.115136,51.502900
-0.113136,51.502900
-0.113136,51.502900
-0.115136,51.502900
-0.113136,51.502900
-0.115136,51.502900
-0.115136,51.502900
-0.115136,51.502900
-0.113136,51.502900
-2.807800,54.048800
-2.807800,54.048800
-2.807800,54.048800
-2.807800,54.048800
-2.807800,54.048800
-1.714660,53.875800
-1.714660,53.875800
-1.451400,53.804900
-1.637680,53.805600
-1.680500,53.804900
-1.382270,53.796500
-1.591750,53.749600
-1.549110,53.794800
-1.549110,53.794800
-1.549110,53.794800
-1.549110,53.794800
-1.549110,53.794800
-1.549110,53.794800
-1.549110,53.794800
-1.549110,53.794800
-1.549110,53.794800
-1.549110,53.794800
-1.549110,53.794800
-1.549110,53.794800
-1.549110,53.794800
-1.549110,53.794800
-1.549110,53.794800
-1.549110,53.794800
-1.549110,53.794800
-1.549110,53.794800
-1.549110,53.794800
-1.549110,53.794800
-1.549110,53.794800
-1.549110,53.794800
-1.549110,53.794800
-1.549110,53.794800
-1.549110,53.794800
-1.549110,53.794800
-1.549110,53.794800
-1.549110,53.794800
-1.549110,53.794800
-1.549110,53.794800
-1.549110,53.794800
-1.549110,53.794800
-1.549110,53.794800
-1.549110,53.794800
-1.549110,53.794800
-1.549110,53.794800
-1.549110,53.794800
-1.549110,53.794800
-1.549110,53.794800
-1.549110,53.794800
-1.549110,53.794800
-1.549110,53.794800
-1.549110,53.794800
-1.549110,53.794800
-1.549110,53.794800
-1.549110,53.794800
-1.549110,53.794800
-1.549110,53.794800
-1.549110,53.794800
-1.549110,53.794800
-1.549110,53.794800
-1.549110,53.794800
-1.549110,53.794800
-1.549110,53.794800
-1.549110,53.794800
-1.549110,53.794800
-1.549110,53.794800
-1.549110,53.794800
-1.549110,53.794800
-1.549110,53.794800
-1.549110,53.794800
-1.549110,53.794800
-1.549110,53.794800
-1.549110,53.794800
-1.549110,53.794800
-1.549110,53.794800
-1.549110,53.794800
-1.549110,53.794800
-1.549110,53.794800
-1.549110,53.794800
-1.549110,53.794800
-1.549110,53.794800
-1.549110,53.794800
-1.549110,53.794800
-1.549110,53.794800
-1.549110,53.794800
-1.549110,53.794800
-1.549110,53.794800
-1.125300,52.631400
-1.125300,52.631400
-1.125300,52.631400
-1.125300,52.631400
-1.125300,52.631400
-1.125300,52.631400
-1.125300,52.631400
-1.125300,52.631400
-1.125300,52.631400
-1.125300,52.631400
-1.125300,52.631400
-1.125300,52.631400
-1.125300,52.631400
-1.125300,52.631400
-1.125300,52.631400
-1.125300,52.631400
-1.125300,52.631400
-1.125300,52.631400
-1.125300,52.631400
-1.125300,52.631400
-1.125300,52.631400
-1.125300,52.631400
-1.125300,52.631400
-1.125300,52.631400
-1.125300,52.631400
0.011675,50.870600
0.011675,50.870600
0.070120,50.859100
0.030604,50.831000
0.099995,50.772900
-0.037563,51.464700
-0.022294,51.469200
-0.022294,51.469200
0.007859,51.466000
-0.012917,51.464900
-0.014286,51.465800
-0.014286,51.465800
-0.014286,51.465800
-0.014286,51.465800
-0.014286,51.465800
-0.014286,51.465800
-0.012917,51.464900
-0.014286,51.465800
-0.014286,51.465800
-0.036560,51.455100
-0.001157,51.451700
-0.026161,51.445000
-0.026161,51.445000
-0.025007,51.445000
-0.020025,51.433800
0.022362,51.430600
-0.054823,51.427400
-0.033363,51.424700
-0.015883,51.424400
-0.040450,51.475000
-0.040450,51.475000
-1.825420,52.680100
-1.825420,52.680100
-1.799340,52.687000
-0.539895,53.226100
-0.539895,53.226100
-0.539895,53.226100
-2.962770,53.461900
-2.963160,53.457500
-2.991780,53.430000
-2.928490,53.404700
-2.928490,53.404700
-2.893470,53.406500
-2.893470,53.406500
-2.947660,53.402800
-2.953350,53.375900
-2.953350,53.375900
-2.953350,53.375900
-2.855260,53.360800
-2.855260,53.360800
-2.912180,53.358700
-2.889820,53.358700
-2.889820,53.358700
-2.889820,53.358700
-2.889820,53.358700
-2.977600,53.407900
-2.977600,53.407900
-2.977600,53.407900
-2.977600,53.407900
-2.977600,53.407900
-2.977600,53.407900
-2.977600,53.407900
-2.977600,53.407900
-2.977600,53.407900
-2.977600,53.407900
-2.977600,53.407900
-2.977600,53.407900
-2.977600,53.407900
-2.977600,53.407900
-2.977600,53.407900
-2.977600,53.407900
-2.977600,53.407900
-2.977600,53.407900
-2.977600,53.407900
-2.977600,53.407900
-2.977600,53.407900
-2.977600,53.407900
-2.977600,53.407900
-2.977600,53.407900
-2.977600,53.407900
-2.989280,53.408700
-2.989280,53.408700
-2.979630,53.404400
-2.979630,53.404400
-2.979630,53.404400
-2.979630,53.404400
-2.979630,53.404400
-2.979630,53.404400
-2.979630,53.404400
-2.979630,53.404400
-2.979630,53.404400
-2.979630,53.404400
-2.979630,53.404400
-2.979630,53.404400
-2.979630,53.404400
-2.979630,53.404400
-2.991830,53.405000
-2.991830,53.405000
-2.991830,53.405000
-2.991830,53.405000
-0.458493,51.905400
-0.458493,51.905400
-0.458493,51.905400
-0.458493,51.905400
-0.413893,51.882300
-0.413893,51.882300
-0.413893,51.882300
-0.413893,51.882300
-0.413893,51.882300
-0.413893,51.882300
-0.413893,51.882300
-0.413893,51.882300
-0.413893,51.882300
-0.413893,51.882300
0.520142,51.277700
0.515698,51.270600
0.515698,51.270600
0.515698,51.270600
0.577656,51.275800
0.493556,51.175400
0.493556,51.175400
0.550174,51.171600
-2.214650,53.471400
-2.208750,53.434100
-2.273030,53.365500
-2.273030,53.365500
-2.273030,53.365500
-2.230050,53.476900
-2.230050,53.476900
-2.230050,53.476900
-2.230050,53.476900
-2.230050,53.476900
-2.230050,53.476900
-2.230050,53.476900
-2.230050,53.476900
-2.230050,53.476900
-2.230050,53.476900
-2.230050,53.476900
-2.230050,53.476900
-2.230050,53.476900
-2.230050,53.476900
-2.230050,53.476900
-2.230050,53.476900
-2.230050,53.476900
-2.230050,53.476900
-2.230050,53.476900
-2.230050,53.476900
-2.230050,53.476900
-2.230050,53.476900
-2.230050,53.476900
-2.230050,53.476900
-2.230050,53.476900
-2.230050,53.476900
-2.230050,53.476900
-2.230050,53.476900
-2.230050,53.476900
-2.230050,53.476900
-2.230050,53.476900
-2.230050,53.476900
-2.230050,53.476900
-2.230050,53.476900
-2.230050,53.476900
-2.230050,53.476900
-2.230050,53.476900
-2.230050,53.476900
-2.230050,53.476900
-2.230050,53.476900
-2.230050,53.476900
-2.230050,53.476900
-2.230050,53.476900
-2.230050,53.476900
-2.230050,53.476900
-2.230050,53.476900
-2.230050,53.476900
-2.230050,53.476900
-2.230050,53.476900
-2.230050,53.476900
-2.230050,53.476900
-2.230050,53.476900
-2.230050,53.476900
-2.230050,53.476900
-2.230050,53.476900
-2.230050,53.476900
-2.230050,53.476900
-2.230050,53.476900
-2.230050,53.476900
-2.230050,53.476900
-2.230050,53.476900
-2.230050,53.476900
-2.230050,53.476900
-2.230050,53.476900
-2.230050,53.476900
-2.230050,53.476900
-2.230050,53.476900
-2.230050,53.476900
-2.230050,53.476900
-2.230050,53.476900
-2.230050,53.476900
-2.230050,53.476900
-2.230050,53.476900
-2.230050,53.476900
-2.230050,53.476900
-2.242080,53.473700
-2.242080,53.473700
-2.242080,53.473700
-2.243670,53.487900
-2.243670,53.487900
-2.243670,53.487900
-2.243670,53.487900
-2.243670,53.487900
-2.243670,53.487900
-2.243670,53.487900
-2.243670,53.487900
-2.243670,53.487900
-2.243670,53.487900
-2.243670,53.487900
-2.243670,53.487900
-2.243670,53.487900
-2.243670,53.487900
-2.251130,53.474200
0.500216,51.396500
0.500216,51.396500
0.500216,51.396500
0.500216,51.396500
0.500216,51.396500
0.550495,51.386700
0.550495,51.386700
0.550495,51.386700
0.550495,51.386700
0.550495,51.386700
0.550495,51.386700
0.550495,51.386700
0.550495,51.386700
0.550495,51.386700
0.520417,51.380600
0.520417,51.380600
0.520417,51.380600
0.520417,51.380600
0.520417,51.380600
0.520417,51.380600
0.520417,51.380600
0.520417,51.380600
0.520417,51.380600
0.520417,51.380600
0.520417,51.380600
0.510567,51.385500
0.510567,51.385500
0.510567,51.385500
0.510567,51.385500
0.510567,51.385500
0.510567,51.385500
0.510567,51.385500
0.611363,51.366500
0.611363,51.366500
0.611363,51.366500
0.611363,51.366500
0.611363,51.366500
0.611363,51.366500
0.611363,51.366500
0.611363,51.366500
0.611363,51.366500
-3.377320,51.745700
-3.337140,51.686700
-3.322660,51.660300
-3.322660,51.660300
-0.199393,51.434300
-0.206543,51.421500
-0.206543,51.421500
-0.206543,51.421500
-0.206543,51.421500
-0.206543,51.421500
-0.206543,51.421500
-0.205543,51.421500
-0.192089,51.415300
-0.161004,51.419800
-0.161004,51.419800
-0.161004,51.419800
-0.229721,51.409400
-0.229721,51.409400
-0.229721,51.409400
-0.229721,51.409400
-0.239180,51.395300
-0.239180,51.395300
-0.157770,51.392900
-0.157770,51.392900
-0.194776,51.402600
-0.194776,51.402600
-0.194776,51.402600
-3.359910,50.917000
-1.231830,54.579000
-1.231830,54.579000
-1.231830,54.579000
1.000110,52.189800
1.000110,52.189800
1.000110,52.189800
1.000110,52.189800
1.000110,52.189800
1.000110,52.189800
1.000110,52.189800
1.000110,52.189800
-0.018196,51.126300
-0.018196,51.126300
-0.105613,51.005100
-0.105613,51.005100
-0.127589,50.953500
-0.127589,50.953500
-0.127589,50.953500
-0.127589,50.953500
-0.145909,50.924600
-0.145909,50.924600
-0.145909,50.924600
-0.804732,52.065900
-0.774543,52.034100
-0.774543,52.034100
-0.774543,52.034100
-0.774543,52.034100
-0.774543,52.034100
-0.774543,52.034100
-0.736334,51.995300
-0.736334,51.995300
-0.736334,51.995300
-0.736334,51.995300
-0.736334,51.995300
-0.307932,51.317800
-0.307932,51.317800
-0.332944,51.299200
-0.332944,51.299200
-0.384044,51.288800
-0.323988,51.241000
-0.323988,51.241000
-0.323988,51.241000
-0.323988,51.241000
-0.323988,51.241000
-2.777350,51.584200
-3.807170,51.662200
-3.807170,51.662200
-3.807170,51.662200
-3.807170,51.662200
-3.807170,51.662200
-3.807170,51.662200
-3.807170,51.662200
-3.781300,51.592200
-3.781300,51.592200
-3.781300,51.592200
-3.781300,51.592200
-0.800001,53.081900
-0.813396,53.080100
-1.616360,54.968500
-1.616360,54.968500
-1.616360,54.968500
-1.616360,54.968500
-1.616360,54.968500
-1.616360,54.968500
-1.616360,54.968500
-1.616360,54.968500
-1.616360,54.968500
-1.616360,54.968500
-1.616360,54.968500
-1.616360,54.968500
-1.616360,54.968500
-1.616360,54.968500
-1.616360,54.968500
-1.616360,54.968500
-1.616360,54.968500
-1.616360,54.968500
-1.616360,54.968500
-1.616360,54.968500
-1.616360,54.968500
-1.616360,54.968500
-1.616360,54.968500
-1.616360,54.968500
-1.616360,54.968500
-1.616360,54.968500
-1.616360,54.968500
-1.616360,54.968500
-1.616360,54.968500
-1.482530,50.917900
-1.482530,50.917900
-1.482530,50.917900
-1.526670,50.889500
-1.573770,50.816500
0.025056,51.551900
0.024665,51.549600
0.024665,51.549600
0.024665,51.549600
0.024665,51.549600
0.045222,51.552200
0.052628,51.539600
0.052628,51.539600
0.052628,51.539600
0.052628,51.539600
0.052628,51.539600
0.052628,51.539600
0.052628,51.539600
0.052628,51.539600
0.005862,51.546100
0.005862,51.546100
-0.003177,51.541700
-0.003177,51.541700
-0.008694,51.544756
-0.003177,51.541700
-0.003177,51.541700
-0.003177,51.541700
-0.003177,51.541700
-0.003677,51.541700
-0.003177,51.541700
-0.003177,51.541700
-0.003177,51.541700
-0.003177,51.541700
-0.003177,51.541700
-0.003177,51.541700
-0.003177,51.541700
-0.003177,51.541700
-0.003177,51.541700
-0.003177,51.541700
-0.003177,51.541700
-0.003177,51.541700
-0.003177,51.541700
-0.003177,51.541700
-0.003177,51.541700
-0.008694,51.544756
-0.003177,51.541700
-0.003177,51.541700
-0.003177,51.541700
-0.003177,51.541700
-0.003177,51.541700
-0.003177,51.541700
-0.003177,51.541700
-0.003177,51.541700
-0.003177,51.541700
-0.003177,51.541700
-0.003177,51.541700
-0.003177,51.541700
-0.003177,51.541700
-0.003677,51.541700
0.035180,51.535400
0.035180,51.535400
0.035180,51.535400
0.035180,51.535400
0.005342,51.528700
0.005342,51.528700
0.005342,51.528700
0.005342,51.528700
0.005342,51.528700
0.005342,51.528700
0.017755,51.531300
0.017755,51.531300
0.017755,51.531300
0.017755,51.531300
0.017755,51.531300
0.017755,51.531300
0.017755,51.531300
0.017755,51.531300
0.008500,51.513900
0.008500,51.513900
0.008500,51.513900
0.008500,51.513900
0.008500,51.513900
0.060980,51.499400
0.048396,51.504100
0.048396,51.504100
-2.998600,51.589700
-2.998600,51.589700
-2.998600,51.589700
-2.998600,51.589700
-2.998600,51.589700
-2.998600,51.589700
-2.998600,51.589700
-2.998600,51.589700
-2.998600,51.589700
-2.998600,51.589700
-2.998600,51.589700
-2.998600,51.589700
-0.906841,52.237500
-0.906841,52.237500
-0.906841,52.237500
-0.906841,52.237500
-2.272420,51.034100
-0.029293,53.562000
-0.229147,51.980300
-0.263048,51.953100
-0.263048,51.953100
-0.187102,51.867100
-0.187102,51.867100
-0.187102,51.867100
-0.187102,51.867100
-0.187102,51.867100
-0.187102,51.867100
-0.380485,53.041300
-0.410317,52.995500
-0.410317,52.995500
-0.651739,53.586100
-2.972010,51.344400
-2.972010,51.344400
-2.972010,51.344400
-2.909270,51.357900
-2.909270,51.357900
-1.636330,55.392600
-1.682400,55.162500
-2.095090,54.973600
-1.706970,52.516500
-1.706970,52.516500
-1.706970,52.516500
1.306980,52.626700
1.306980,52.626700
1.306980,52.626700
1.306980,52.626700
1.306980,52.626700
1.306980,52.626700
1.306980,52.626700
1.306980,52.626700
1.306980,52.626700
1.306980,52.626700
1.306980,52.626700
1.306980,52.626700
1.306980,52.626700
1.306980,52.626700
1.306980,52.626700
-1.195240,52.999900
-1.145410,52.947300
-1.145410,52.947300
-1.145410,52.947300
-1.145410,52.947300
-1.145410,52.947300
-1.145410,52.947300
-1.145410,52.947300
-1.145410,52.947300
-1.145410,52.947300
-1.145410,52.947300
-1.145410,52.947300
-1.145410,52.947300
-1.464120,52.526500
-1.464120,52.526500
-1.464120,52.526500
-1.464120,52.526500
-1.464120,52.526500
-1.464120,52.526500
-1.467540,52.479400
-1.270310,51.753700
-1.270310,51.753700
-1.270310,51.753700
-1.270310,51.753700
-1.270310,51.753700
-1.270310,51.753700
-4.727170,51.799300
-4.727170,51.799300
-4.727170,51.799300
-4.996800,51.756400
-4.714560,51.732300
-4.714560,51.732300
-0.250385,52.574500
-0.250385,52.574500
-0.250385,52.574500
-0.250385,52.574500
-0.250385,52.574500
-0.250385,52.574500
-0.250385,52.574500
-0.250385,52.574500
-0.250385,52.574500
-0.250385,52.574500
-0.250385,52.574500
-0.250385,52.574500
-0.250385,52.574500
-0.250385,52.574500
-4.143350,50.377600
-4.143350,50.377600
-4.143350,50.377600
-4.143350,50.377600
-4.143350,50.377600
-2.019350,50.725200
-1.947940,50.723000
-1.067270,50.841800
-1.067270,50.841800
-1.067270,50.841800
-1.067270,50.841800
-1.067270,50.841800
-1.067270,50.841800
-1.067270,50.841800
-1.073960,50.796400
-1.073960,50.796400
-1.073960,50.796400
-1.090470,50.798400
-1.090470,50.798400
-1.090470,50.798400
-1.090470,50.798400
-1.107870,50.797000
-3.140830,52.656800
-3.140830,52.656800
-2.707290,53.755800
-2.707290,53.755800
-2.707290,53.755800
-2.707290,53.755800
-2.707290,53.755800
-2.707290,53.755800
-2.707290,53.755800
-2.707290,53.755800
-2.707290,53.755800
-2.707290,53.755800
-2.707290,53.755800
-2.707290,53.755800
-2.707290,53.755800
-2.707290,53.755800
-2.707290,53.755800
-2.707290,53.755800
-2.707290,53.755800
-2.707290,53.755800
-2.707290,53.755800
-2.707290,53.755800
-2.707290,53.755800
-2.115310,50.692900
-2.115310,50.692900
-2.221330,50.681700
-1.029810,51.471700
-1.029810,51.471700
-0.971711,51.459100
-0.971711,51.459100
-0.971711,51.459100
-0.971711,51.459100
-0.971711,51.459100
-0.971711,51.459100
-0.971711,51.459100
-0.971711,51.459100
-0.971711,51.459100
-0.971711,51.459100
-0.971711,51.459100
-0.971711,51.459100
-0.971711,51.459100
-0.971711,51.459100
-0.971711,51.459100
-0.971711,51.459100
-0.971711,51.459100
-0.971711,51.459100
-0.971711,51.459100
-0.971711,51.459100
-0.971711,51.459100
-0.971711,51.459100
-0.971711,51.459100
-0.971711,51.459100
-0.971711,51.459100
-0.971711,51.459100
-0.971711,51.459100
-0.971711,51.459100
-0.971711,51.459100
-0.971711,51.459100
-0.971711,51.459100
-0.971711,51.459100
-0.971711,51.459100
-0.971711,51.459100
0.033991,51.607000
0.033991,51.607000
0.033991,51.607000
0.033991,51.607000
0.091139,51.596000
0.091139,51.596000
0.091139,51.596000
0.093402,51.603500
0.027264,51.591800
0.088593,51.585800
0.088593,51.585800
0.021453,51.580900
0.066130,51.576600
0.066130,51.576600
0.111626,51.565800
0.111626,51.565800
0.111626,51.565800
0.095957,51.563900
0.095957,51.563900
0.095957,51.563900
0.068664,51.558900
0.068664,51.558900
0.068664,51.558900
0.068664,51.558900
0.068664,51.558900
0.045100,51.572600
-1.069760,54.616000
-1.069760,54.616000
-0.973991,54.583600
-1.945440,52.306300
-1.945440,52.306300
-0.203767,51.241900
-0.203767,51.241900
-0.165478,51.240300
-0.165478,51.240300
-0.165478,51.240300
-0.165478,51.240300
-0.165478,51.240300
-0.165478,51.240300
-0.165478,51.240300
-0.161303,51.168200
-0.161303,51.168200
-3.396470,51.686500
-3.535980,51.672100
-3.437190,51.617400
-3.342350,51.599300
-3.342350,51.599300
-3.342350,51.599300
-3.342350,51.599300
-3.342350,51.599300
-3.392900,51.523800
-2.394430,53.873800
-0.252502,51.471900
-0.266748,51.468400
-0.266748,51.468400
-0.286542,51.465400
-0.301408,51.463100
-0.301408,51.463100
-0.301408,51.463100
-0.301408,51.463100
-0.301408,51.463100
-0.301408,51.463100
-0.301409,51.463500
-0.301408,51.463100
-0.320412,51.455100
-0.320412,51.455100
-0.320412,51.455100
-0.329173,51.450300
-0.329173,51.450300
-0.329173,51.450300
-0.329173,51.450300
-0.329173,51.450300
-0.332646,51.424500
-0.332646,51.424500
-0.332646,51.424500
-0.332646,51.424500
-0.312384,51.414600
-0.312384,51.414600
-0.371848,51.415800
-2.094060,53.643200
-2.153690,53.610000
-2.153690,53.610000
-2.171440,53.550700
0.659092,51.603600
0.600198,51.589500
0.600198,51.589500
0.600198,51.589500
0.600198,51.589500
0.600198,51.589500
0.600198,51.589500
0.702140,51.581600
0.494721,50.912700
0.475215,50.840800
0.475215,50.840800
0.475215,50.840800
-1.360920,53.431900
-1.267150,53.341000
-1.249490,52.378900
-1.249490,52.378900
-1.249490,52.378900
-1.249490,52.378900
-1.249490,52.378900
-0.546618,51.429400
-0.546618,51.429400
-0.562131,51.401700
-0.562131,51.401700
-0.562131,51.401700
-0.509569,51.387200
-0.509569,51.387200
-0.484538,51.373100
-0.481183,51.349700
-1.263000,52.863300
-0.755574,51.296800
-0.755574,51.296800
-0.755574,51.296800
-0.755574,51.296800
-0.755574,51.296800
-0.755574,51.296800
-0.759963,51.246200
-0.759963,51.246200
-2.333320,53.485400
-1.976180,52.552400
-2.065860,52.530600
-2.065860,52.530600
-2.049450,52.524500
-1.980480,52.502100
-2.030990,52.477300
-2.030990,52.477300
-2.030990,52.477300
-2.030990,52.477300
-0.405276,54.279700
-0.405276,54.279700
-0.405276,54.279700
-0.405276,54.279700
-0.405276,54.279700
-0.405276,54.279700
-2.990270,51.127900
-3.002480,53.646300
-3.002480,53.646300
-3.002480,53.646300
-3.002480,53.646300
-3.071900,53.566400
-3.071900,53.566400
-3.071900,53.566400
-3.070900,53.553700
-3.025600,53.474900
-3.025600,53.474900
-3.005500,53.466200
-1.063370,53.783000
-1.063370,53.783000
-1.063370,53.783000
0.167247,51.393200
0.167247,51.393200
0.167247,51.393200
0.197086,51.312900
0.181736,51.276700
0.181736,51.276700
0.181736,51.276700
0.181736,51.276700
0.181736,51.276700
0.181736,51.276700
0.181736,51.276700
-1.466370,53.462400
-1.414290,53.417000
-1.414290,53.417000
-1.414290,53.417000
-1.462170,53.378100
-1.462170,53.378100
-1.462170,53.378100
-1.462170,53.378100
-1.462170,53.378100
-1.462170,53.378100
-1.462170,53.378100
-1.462170,53.378100
-1.462170,53.378100
-1.462170,53.378100
-1.462170,53.378100
-1.462170,53.378100
-1.462170,53.378100
-1.462170,53.378100
-1.462170,53.378100
-1.462170,53.378100
-1.462170,53.378100
-1.462170,53.378100
-1.462170,53.378100
-1.462170,53.378100
1.037710,51.095000
1.168220,51.082700
1.168220,51.082700
-3.036580,52.893200
-2.749320,52.711100
-2.749320,52.711100
-2.749320,52.711100
-2.749320,52.711100
-2.749320,52.711100
-2.749320,52.711100
-2.749320,52.711100
-2.749320,52.711100
-2.749320,52.711100
-2.749320,52.711100
-2.749320,52.711100
-2.749320,52.711100
-2.371820,52.666100
-2.300360,52.644900
-2.803550,52.537500
-2.803550,52.537500
-2.837550,52.442200
-0.645759,51.523800
-0.645759,51.523800
-0.591544,51.512100
-0.591544,51.512100
-0.591544,51.512100
-0.591544,51.512100
-0.591544,51.512100
-0.591544,51.512100
-0.591544,51.512100
-0.591544,51.512100
-0.591544,51.512100
-0.591544,51.512100
-0.541257,51.507800
-1.725180,52.450600
-1.804440,52.438400
-1.788730,52.414600
-1.788730,52.414600
-1.788730,52.414600
-1.845160,52.403400
-1.641840,52.396100
-1.641840,52.396100
-1.851520,52.391900
-1.851520,52.391900
-1.851520,52.391900
-1.470470,50.919600
-1.377070,50.918300
-1.414270,50.907500
-1.414270,50.907500
-1.414270,50.907500
-1.414270,50.907500
-1.414270,50.907500
-1.414270,50.907500
-1.414270,50.907500
-1.414270,50.907500
-1.414270,50.907500
-1.414270,50.907500
-1.414270,50.907500
-1.414270,50.907500
-0.643832,51.611400
-0.555176,51.588900
-0.681455,51.523600
-0.506301,51.508700
-0.506301,51.508700
0.196777,52.262300
0.196777,52.262300
0.165647,52.103600
0.165647,52.103600
-0.109639,52.030800
0.710544,51.550600
0.710544,51.550600
0.710544,51.550600
0.640109,51.541200
0.761850,51.537700
0.761850,51.537700
0.711492,51.541800
0.711492,51.541800
0.711492,51.541800
0.711492,51.541800
0.711492,51.541800
0.711492,51.541800
0.711492,51.541800
0.711492,51.541800
0.711492,51.541800
0.670067,51.538600
0.670067,51.538600
0.670067,51.538600
0.795356,51.530900
0.795356,51.530900
0.711761,51.537400
0.711761,51.537400
0.711761,51.537400
0.711761,51.537400
0.711761,51.537400
0.711761,51.537400
0.711761,51.537400
-2.664560,51.560100
-2.543100,51.514100
-2.543100,51.514100
-2.543100,51.514100
-2.543100,51.514100
-2.543100,51.514100
-2.543100,51.514100
-2.543100,51.514100
-2.432250,51.541300
-0.643068,52.906200
-0.479905,52.647900
1.118080,52.565300
1.123590,52.373600
-1.242770,51.611100
-1.242770,51.611100
-1.242770,51.611100
-2.686830,53.698900
-1.460310,54.959600
-1.460310,54.959600
-0.093668,51.501300
-0.087053,51.505700
-0.087053,51.505700
-0.087053,51.505700
-0.087053,51.505700
-0.087053,51.505700
-0.087053,51.505700
-0.087053,51.505700
-0.063779,51.498000
-0.063779,51.498000
-0.085246,51.504500
-0.085246,51.504500
-0.085246,51.504500
-0.085246,51.504500
-0.085246,51.504500
-0.085246,51.504500
-0.085246,51.504500
-0.085246,51.504500
-0.085246,51.504500
-0.085246,51.504500
-0.085246,51.504500
-0.085246,51.504500
-0.085246,51.504500
-0.085246,51.504500
-0.085246,51.504500
-0.085246,51.504500
-0.085246,51.504500
-0.085246,51.504500
-0.052011,51.500600
-0.047556,51.493300
-0.047556,51.493300
-0.047556,51.493300
-0.047556,51.493300
-0.047556,51.493300
-0.047556,51.493300
-0.050020,51.498000
-0.050020,51.498000
-0.098766,51.494100
-0.100379,51.494500
-0.100379,51.494500
-0.100379,51.494500
-0.100379,51.494500
-0.100379,51.494500
-0.098766,51.494100
-0.057297,51.474200
-0.089534,51.468100
-0.089534,51.468100
-0.089534,51.468100
-0.089534,51.468100
-0.069528,51.470000
-0.069528,51.470000
-0.069528,51.470000
-0.069528,51.470000
-0.069528,51.470000
-0.069528,51.470000
-0.080676,51.461400
-0.087487,51.454800
-0.087487,51.454800
-0.080213,51.432600
-0.104884,51.503900
-0.468299,51.436500
-0.502921,51.432400
-0.502921,51.432400
-0.502921,51.432400
-0.502921,51.432400
-0.502921,51.432400
-0.417625,51.418200
-0.447217,51.396700
-0.447217,51.396700
-2.122640,52.803900
-2.122640,52.803900
-0.351504,51.814800
-0.351504,51.814800
-0.351504,51.814800
-0.351504,51.814800
-0.351504,51.814800
-0.351504,51.814800
-0.351504,51.814800
-0.327649,51.750600
-0.327649,51.750600
-0.327649,51.750600
-0.327649,51.750600
-0.327649,51.750600
-0.327649,51.750600
-0.327649,51.750600
-0.327649,51.750600
-0.327649,51.750600
-0.327649,51.750600
-0.327649,51.750600
-0.327649,51.750600
0.712787,52.253600
-0.207094,51.901700
-0.207094,51.901700
-0.207094,51.901700
-0.207094,51.901700
-0.207094,51.901700
-0.207094,51.901700
-0.207094,51.901700
-0.207094,51.901700
-0.207094,51.901700
-0.207094,51.901700
-0.207094,51.901700
-0.207094,51.901700
-0.207094,51.901700
-0.207094,51.901700
-2.636320,53.451200
-2.636320,53.451200
-2.093140,53.428900
-2.163180,53.405300
-2.163180,53.405300
-2.163180,53.405300
-2.152450,53.390900
-2.123390,53.378200
-1.279800,54.605700
-1.351760,54.494300
-2.216630,53.042100
-2.181050,53.007900
-2.181050,53.007900
-2.181050,53.007900
-2.181050,53.007900
-2.181050,53.007900
-2.181050,53.007900
-2.181050,53.007900
-2.181050,53.007900
-2.181050,53.007900
-2.181050,53.007900
-2.181050,53.007900
-2.181050,53.007900
-2.181050,53.007900
-2.181050,53.007900
-2.219450,51.744600
1.523620,52.272700
1.490120,52.215000
1.317860,52.090300
-1.383740,54.911100
-1.382410,54.905600
-1.382410,54.905600
-1.384240,54.902400
-1.384240,54.902400
-1.447980,54.904200
-0.747120,51.311800
-0.747120,51.311800
-0.166433,51.368600
-0.166433,51.368600
-0.166433,51.368600
-0.166433,51.368600
-0.166433,51.368600
-0.216876,51.355200
-0.216876,51.355200
-0.216876,51.355200
-0.190861,51.359700
0.749746,51.415700
0.749746,51.415700
0.735287,51.362200
0.668366,51.353500
0.734766,51.342100
0.734766,51.342100
0.734766,51.342100
0.734766,51.342100
0.734766,51.342100
0.734766,51.342100
0.734766,51.342100
0.734766,51.342100
0.734766,51.342100
0.734766,51.342100
0.734766,51.342100
0.734766,51.342100
0.734766,51.342100
0.734766,51.342100
0.891574,51.311400
0.891574,51.311400
0.891574,51.311400
0.891574,51.311400
0.891574,51.311400
0.891574,51.311400
0.891574,51.311400
0.891574,51.311400
0.891574,51.311400
0.891574,51.311400
0.891574,51.311400
0.940986,51.277300
-4.035500,51.648800
-3.941010,51.625200
-3.941010,51.625200
-3.941010,51.625200
-3.941010,51.625200
-3.941010,51.625200
-3.941010,51.625200
-3.941010,51.625200
-3.941010,51.625200
-3.941010,51.625200
-3.941010,51.625200
-3.941010,51.625200
-3.941010,51.625200
-3.941010,51.625200
-1.785320,51.565700
-1.785320,51.565700
-1.785320,51.565700
-1.785320,51.565700
-1.785320,51.565700
-1.785320,51.565700
-1.785320,51.565700
-1.785320,51.565700
-2.064630,53.484300
-2.064630,53.484300
-2.067440,53.456800
-2.080250,53.461400
-2.084930,53.464500
-1.686970,52.637500
-1.686970,52.637500
-1.686970,52.637500
-1.679760,52.610700
-1.679760,52.610700
-0.078364,51.282100
-0.004858,51.257900
-0.004290,51.155800
-3.102810,51.022600
-3.102810,51.022600
-3.102810,51.022600
-3.102810,51.022600
-3.447740,50.627600
-3.494580,50.548300
-3.494580,50.548300
-3.494580,50.548300
-3.494580,50.548300
-3.599610,50.530000
-3.599610,50.530000
-3.599610,50.530000
-3.599610,50.530000
-3.599610,50.530000
-3.599610,50.530000
-3.599610,50.530000
-2.517150,52.701310
-2.440910,52.680800
-2.440910,52.680800
-2.440910,52.680800
-2.440910,52.680800
1.045490,51.949200
1.045490,51.949200
1.045490,51.949200
1.243120,51.837700
1.243120,51.837700
1.154110,51.794100
1.154110,51.794100
1.154110,51.794100
1.154110,51.794100
1.154110,51.794100
1.154110,51.794100
-1.492300,51.211900
-1.492300,51.211900
-1.492000,50.992700
1.371920,51.385200
1.371920,51.385200
1.371920,51.385200
1.371920,51.385200
1.371920,51.385200
1.338240,51.381300
1.300950,51.377500
1.433120,51.360900
1.433120,51.360900
1.405520,51.341200
1.405520,51.341200
1.405520,51.341200
1.405520,51.341200
1.405520,51.341200
1.405520,51.341200
1.405520,51.341200
1.405520,51.341200
-3.218580,51.431600
-3.349800,51.387200
-3.261790,51.402400
-0.437946,51.706300
-0.437946,51.706300
-0.473384,51.640300
-0.473384,51.640300
-0.473384,51.640300
-0.473384,51.640300
-0.518876,51.654200
-0.385553,51.627800
-0.432284,51.629700
-0.432284,51.629700
0.422875,51.514300
0.290341,51.522000
0.290341,51.522000
0.413055,51.484700
0.321623,51.476400
0.321623,51.476400
0.321623,51.476400
0.321623,51.476400
0.321623,51.476400
0.466149,51.301400
0.227671,51.214600
0.269894,51.191500
0.269894,51.191500
0.269894,51.191500
0.269894,51.191500
0.269894,51.191500
0.269894,51.191500
0.269894,51.191500
0.269894,51.191500
0.269894,51.191500
0.269894,51.191500
0.418731,51.292100
-3.543290,50.461100
-3.016010,51.657100
-0.057322,51.531900
-0.020841,51.527700
-0.020841,51.527700
-0.012032,51.524700
-0.012032,51.524700
-0.075705,51.523300
-0.075705,51.523300
-0.075705,51.523300
-0.075705,51.523300
-0.046500,51.521900
-0.046500,51.521900
-0.025040,51.526900
-0.025040,51.526900
-0.059356,51.524100
-0.059356,51.524100
-0.059356,51.524100
-0.059356,51.524100
-0.059356,51.524100
-0.059356,51.524100
-0.059356,51.524100
-0.059356,51.524100
-0.059356,51.524100
-0.059356,51.524100
-0.058856,51.524100
-0.033463,51.525200
-0.033463,51.525200
-0.033463,51.525200
-0.033463,51.525200
-0.033463,51.525200
-0.033463,51.525200
-0.033463,51.525200
-0.033463,51.525200
-0.033463,51.525200
-0.072526,51.515400
-0.072526,51.515400
-0.072526,51.515400
-0.072526,51.515400
-0.072526,51.515400
-0.014219,51.515400
-0.014219,51.515400
-0.026804,51.509500
-0.026804,51.509500
-0.026804,51.509500
-0.017611,51.507800
-0.017611,51.507800
-0.017611,51.507800
-0.056945,51.511300
-0.056945,51.511300
-0.056945,51.511300
-0.039535,51.512300
-0.039535,51.512300
-0.076349,51.510100
-0.014500,51.495800
-0.007157,51.507900
-0.007157,51.507900
-0.007157,51.507900
-0.010218,51.487300
-0.014500,51.490200
-0.020968,51.505100
-0.020968,51.505100
-0.020968,51.505100
-0.021464,51.503300
-0.020968,51.505100
-0.020968,51.505100
-0.020968,51.505100
-0.020968,51.505100
-0.020968,51.505100
-2.347440,53.387400
-2.347440,53.387400
0.389458,51.182400
0.389458,51.182400
0.262830,51.130000
0.262830,51.130000
0.262830,51.130000
0.262830,51.130000
0.262830,51.130000
0.262830,51.130000
0.199387,51.901400
-1.354480,53.724300
-1.354480,53.724300
-1.354480,53.724300
-1.354480,53.724300
-1.259210,53.706500
-1.488260,53.679000
-1.505260,53.681800
-2.011640,52.618300
-1.984840,52.584900
-1.984840,52.584900
-1.984840,52.584900
-0.040876,51.586600
-0.040876,51.586600
-0.041276,51.586600
-0.019929,51.582900
-0.019700,51.582900
-0.019700,51.582900
-0.019700,51.582900
-0.019929,51.582900
-0.019929,51.582900
-0.019700,51.582900
-0.023828,51.581500
-0.023828,51.581500
-0.006796,51.569300
0.008078,51.568300
0.008078,51.568300
0.008078,51.568300
0.008078,51.568300
0.008078,51.568300
0.008078,51.568300
0.008078,51.568300
0.008078,51.568300
0.008221,51.563700
0.008078,51.568300
0.008078,51.568300
-0.005640,51.556500
-0.005640,51.556500
-0.005640,51.556500
-0.005640,51.556500
-0.005640,51.556500
-0.005640,51.556500
-0.005640,51.556500
-0.005640,51.556500
-0.005640,51.556500
-0.147577,51.477600
-0.215911,51.461300
-0.170493,51.464500
-0.170493,51.464500
-0.170493,51.464500
-0.170493,51.464500
-0.170493,51.464500
-0.170493,51.464500
-0.170493,51.464500
-0.170493,51.464500
-0.170493,51.464500
-0.170493,51.464500
-0.170493,51.464500
-0.170493,51.464500
-0.170493,51.464500
-0.170493,51.464500
-0.170493,51.464500
-0.170493,51.464500
-0.170493,51.464500
-0.170493,51.464500
-0.170493,51.464500
-0.170493,51.464500
-0.170493,51.464500
-0.170493,51.464500
-0.170493,51.464500
-0.211183,51.458900
-0.211183,51.458900
-0.206600,51.445100
-0.151430,51.443200
-0.151430,51.443200
-0.151430,51.443200
-0.151430,51.443200
-0.151430,51.443200
-0.152595,51.443200
-0.151430,51.443200
-0.163247,51.446400
-0.163247,51.446400
-0.187159,51.442500
-0.159712,51.435800
-0.159712,51.435800
-0.168027,51.427600
-0.168027,51.427600
-0.168027,51.427600
-0.168027,51.427600
-2.525320,53.412800
-2.603780,53.385900
-1.725900,52.341800
-1.536490,52.284700
-1.536490,52.284700
-1.536490,52.284700
-1.536490,52.284700
-1.610170,52.285700
-1.610170,52.285700
-0.396028,51.663800
-0.396028,51.663800
-0.396028,51.663800
-0.396028,51.663800
-0.396028,51.663800
-0.417258,51.657500
-0.417258,51.657500
-0.417258,51.657500
-0.417258,51.657500
-0.417258,51.657500
-0.417258,51.657500
-0.392106,51.652500
-0.385263,51.645700
-0.385263,51.645700
1.749600,52.474400
1.749600,52.474400
1.749600,52.474400
1.749600,52.474400
1.715840,52.477700
1.715840,52.477700
-0.792412,51.211800
-0.792412,51.211800
-0.605133,51.197200
-0.618917,51.186600
-0.645995,51.133200
-0.719426,51.088900
-0.719426,51.088900
-0.719426,51.088900
-0.719426,51.088900
0.244715,50.821200
0.324697,50.815800
-0.676081,52.303700
-0.676081,52.303700
-0.192201,51.823600
-0.203719,51.800700
-0.203719,51.800700
-0.203719,51.800700
-0.203719,51.800700
-0.203719,51.800700
-0.203719,51.800700
-0.215842,51.764000
-0.215842,51.764000
-0.215842,51.764000
-0.215842,51.764000
-0.109849,51.709200
-1.073880,51.433400
-1.073880,51.433400
-1.322930,51.397600
-1.322930,51.397600
-1.322930,51.397600
-2.513100,50.944000
-2.513100,50.944000
-0.174199,51.534700
-0.174199,51.534700
-0.174199,51.534700
-0.174199,51.534700
-0.183966,51.523300
-0.183966,51.523300
-0.183966,51.523300
-0.162946,51.522700
-0.162946,51.522700
-0.162946,51.522700
-0.162946,51.522700
-0.162946,51.522700
-0.162946,51.522700
-0.162946,51.522700
-0.157034,51.523100
-0.157034,51.523100
-0.157034,51.523100
-0.157034,51.523100
-0.157034,51.523100
-0.157034,51.523100
-0.157034,51.523100
-0.157034,51.523100
-0.157034,51.523100
-0.157034,51.523100
-0.157034,51.523100
-0.157034,51.523100
-0.157034,51.523100
-0.157034,51.523100
-0.157034,51.523100
-0.157034,51.523100
-0.157034,51.523100
-0.157034,51.523100
-0.157034,51.523100
-0.170206,51.520300
-0.170206,51.520300
-0.170206,51.520300
-0.146751,51.523600
-0.158453,51.513600
-0.158453,51.513600
-0.130977,51.516300
-0.130977,51.516300
-0.130977,51.516300
-0.130977,51.516300
-0.130977,51.516300
-0.130977,51.516300
-0.141986,51.515300
-0.141986,51.515300
-0.141986,51.515300
-0.141986,51.515300
-0.141986,51.515300
-0.141986,51.515300
-0.141986,51.515300
-0.141986,51.515300
-0.149494,51.514200
-0.141986,51.515300
-0.141986,51.515300
-0.141986,51.515300
-0.141986,51.515300
-0.149494,51.514200
-0.141986,51.515300
-0.141986,51.515300
-0.149494,51.514200
-0.149494,51.514200
-0.141986,51.515300
-0.141986,51.515300
-0.141986,51.515300
-0.141986,51.515300
-0.149494,51.514200
-0.149494,51.514200
-0.141986,51.515300
-0.149494,51.514200
-0.141986,51.515300
-0.141986,51.515300
-0.141986,51.515300
-0.141986,51.515300
-0.141986,51.515300
-0.141986,51.515300
-0.141986,51.515300
-0.141986,51.515300
-0.149494,51.514200
-0.141986,51.515300
-0.141986,51.515300
-0.141986,51.515300
-0.141986,51.515300
-0.188256,51.519100
-0.177458,51.517000
-0.177458,51.517000
-0.177458,51.517000
-0.177458,51.517000
-0.177458,51.517000
-0.177458,51.517000
-0.177458,51.517000
-0.177458,51.517000
-0.177458,51.517000
-0.177458,51.517000
-0.177458,51.517000
-0.177458,51.517000
-0.177458,51.517000
-0.177458,51.517000
-0.177458,51.517000
-0.177458,51.517000
-0.177458,51.517000
-0.177458,51.517000
-0.177458,51.517000
-0.177458,51.517000
-0.177458,51.517000
-0.177458,51.517000
-0.177458,51.517000
-0.177458,51.517000
-0.177458,51.517000
-0.177458,51.517000
-0.177458,51.517000
-0.177458,51.517000
-0.177458,51.517000
-0.177458,51.517000
-0.177458,51.517000
-0.177458,51.517000
-0.177458,51.517000
-0.177458,51.517000
-0.177458,51.517000
-0.177458,51.517000
-0.177458,51.517000
-0.177458,51.517000
-0.178458,51.518000
-0.178458,51.518000
-0.178458,51.518000
-0.178458,51.518000
-0.178458,51.518000
-0.178458,51.518000
-0.178458,51.518000
-0.178458,51.518000
-0.178458,51.518000
-0.178458,51.518000
-0.175501,51.511900
-0.187949,51.512300
-0.187374,51.510500
-0.187949,51.512300
-0.128262,51.511300
-0.128262,51.511300
-0.123873,51.508200
-0.123873,51.508200
-0.128262,51.511300
-0.128262,51.511300
-0.128262,51.511300
-0.128262,51.511300
-0.128262,51.511300
-0.128262,51.511300
-0.128262,51.511300
-0.128262,51.511300
-0.123873,51.508200
-0.128262,51.511300
-0.124251,51.513000
-0.113836,51.511100
-0.124251,51.513000
-0.124873,51.508200
-0.124873,51.508200
-0.124873,51.508200
-0.124873,51.508200
-0.142503,51.506800
-0.142503,51.506800
-0.124873,51.508200
-0.124873,51.508200
-0.124873,51.508200
-0.124873,51.508200
-0.124873,51.508200
-0.124873,51.508200
-0.124873,51.508200
-0.134052,51.510100
-0.124873,51.508200
-0.124873,51.508200
-0.142503,51.506800
-0.142503,51.506800
-0.142503,51.506800
-0.142503,51.506800
-0.142503,51.506800
-0.142503,51.506800
-0.142503,51.506800
-0.142503,51.506800
-0.124873,51.508200
-0.134052,51.510100
-0.134052,51.510100
-0.134052,51.510100
-0.134052,51.510100
-0.134052,51.510100
-0.134052,51.510100
-0.134052,51.510100
-0.142503,51.506800
-0.142503,51.506800
-0.142503,51.506800
-0.142503,51.506800
-0.142503,51.506800
-0.142503,51.506800
-0.134052,51.510100
-0.124873,51.508200
-0.152779,51.502800
-0.152779,51.502800
-0.152779,51.502800
-0.133700,51.499300
-0.124915,51.501400
-0.124915,51.501400
-0.122467,51.507300
-0.122467,51.507300
-0.124915,51.501400
-0.124915,51.501400
-0.124915,51.501400
-0.124915,51.501400
-0.124915,51.501400
-0.124915,51.501400
-0.143700,51.495400
-0.143700,51.495400
-0.143700,51.495400
-0.143700,51.495400
-0.143700,51.495400
-0.143700,51.495400
-0.143700,51.495400
-0.143700,51.495400
-0.143700,51.495400
-0.143700,51.495400
-0.143700,51.495400
-0.143700,51.495400
-0.143100,51.496200
-0.143700,51.495400
-0.143700,51.495400
-0.143700,51.495400
-0.143700,51.495400
-0.143700,51.495400
-0.143700,51.495400
-0.143700,51.495400
-0.143700,51.495400
-0.143700,51.495400
-0.143700,51.495400
-0.143700,51.495400
-0.143700,51.495400
-0.143700,51.495400
-0.143700,51.495400
-0.143100,51.496200
-0.143100,51.496200
-0.143100,51.496200
-0.143700,51.495400
-0.143700,51.495400
-0.143700,51.495400
-0.143700,51.495400
-0.143700,51.495400
-0.143700,51.495400
-0.143700,51.495400
-0.143700,51.495400
-0.143700,51.495400
-0.143700,51.495400
-0.143700,51.495400
-0.143700,51.495400
-0.143700,51.495400
-0.143700,51.495400
-0.143700,51.495400
-0.143700,51.495400
-0.143700,51.495400
-0.143700,51.495400
-0.143700,51.495400
-0.143700,51.495400
-0.143700,51.495400
-0.143700,51.495400
-0.143700,51.495400
-0.143700,51.495400
-0.143700,51.495400
-0.143700,51.495400
-0.143700,51.495400
-0.143700,51.495400
-0.143700,51.495400
-0.143700,51.495400
-0.143700,51.495400
-0.143700,51.495400
-0.143700,51.495400
-0.143700,51.495400
-0.143700,51.495400
-0.143700,51.495400
-0.143700,51.495400
-0.143700,51.495400
-0.143700,51.495400
-0.143700,51.495400
-0.143700,51.495400
-0.143100,51.496200
-0.143100,51.496200
-0.143100,51.496200
-0.143100,51.496200
-0.143100,51.496200
-0.143100,51.496200
-0.143100,51.496200
-0.143700,51.495400
-0.143700,51.495400
-0.143700,51.495400
-0.143100,51.496200
-0.143700,51.495400
-0.143700,51.495400
-0.143700,51.495400
-0.143700,51.495400
-0.143700,51.495400
-0.143100,51.496200
-0.143700,51.495400
-0.143700,51.495400
-0.143700,51.495400
-0.143700,51.495400
-0.143100,51.496200
-0.143100,51.496200
-0.143100,51.496200
-0.143100,51.496200
-0.143700,51.495400
-0.143700,51.495400
-0.143700,51.495400
-0.143700,51.495400
-0.143700,51.495400
-0.143700,51.495400
-0.143100,51.496200
-0.143100,51.496200
-0.143100,51.496200
-0.143700,51.495400
-0.133463,51.489300
-0.133463,51.489300
-0.133463,51.489300
-1.628700,51.902500
-1.628700,51.902500
-2.454330,50.615400
-2.454330,50.615400
-2.454330,50.615400
-2.454330,50.615400
-2.454330,50.615400
-2.634110,53.545100
-2.634110,53.545100
-2.613350,53.539100
-2.632870,53.542900
-2.632870,53.542900
-2.632870,53.542900
-2.632870,53.542900
-2.632870,53.542900
-2.709920,53.530000
-2.115580,51.462400
-2.252610,51.344800
-2.252610,51.344800
-2.252610,51.344800
-2.213990,51.319700
-2.213990,51.319700
-2.199610,51.266400
-2.199610,51.266400
-2.199610,51.266400
-1.806260,51.070400
-1.806260,51.070400
-2.078970,51.060900
-1.319980,51.067300
-1.319980,51.067300
-1.319980,51.067300
-1.319980,51.067300
-1.319980,51.067300
-0.722864,51.518500
-0.722864,51.518500
-0.722864,51.518500
-0.722864,51.518500
-0.722864,51.518500
-0.722864,51.518500
-0.606195,51.485800
-0.606195,51.485800
-0.606195,51.485800
-0.580654,51.483200
-0.580654,51.483200
-0.676133,51.406300
-0.676133,51.406300
-0.676133,51.406300
-0.676133,51.406300
-3.069210,53.423100
-3.039870,53.397700
-3.057560,53.404500
-3.079000,53.409300
-3.153990,53.399700
-3.014110,53.394600
-3.024350,53.393900
-3.014110,53.394600
-3.020730,53.388400
-3.015830,53.383200
-3.020730,53.388400
-3.183800,53.373600
-3.010790,53.372500
-3.010790,53.372500
-3.002980,53.357500
-3.002980,53.357500
-2.990290,53.330400
-0.505346,51.339500
-0.505346,51.339500
-0.505346,51.339500
-0.557111,51.318600
-0.636037,51.303600
-0.636037,51.303600
-0.582376,51.288100
-0.582376,51.288100
-0.582376,51.288100
-0.582376,51.288100
-0.582376,51.288100
-0.863247,51.475500
-0.917817,51.441000
-0.917817,51.441000
-0.917817,51.441000
-0.917817,51.441000
-0.917817,51.441000
-0.917817,51.441000
-0.877326,51.430500
-0.877326,51.430500
-0.842683,51.411300
-0.842683,51.411300
-0.842683,51.411300
-0.842683,51.411300
-2.120030,52.587700
-2.120030,52.587700
-2.120030,52.587700
-2.120030,52.587700
-2.120030,52.587700
-2.120030,52.587700
-2.120030,52.587700
-2.120030,52.587700
-2.120030,52.587700
-2.120030,52.587700
-2.120030,52.587700
-2.120030,52.587700
-2.120030,52.587700
-2.120030,52.587700
-2.120030,52.587700
-2.120030,52.587700
-2.221320,52.195000
-2.221320,52.195000
-2.221320,52.195000
-2.221320,52.195000
-2.221320,52.195000
-2.209170,52.194800
-2.209170,52.194800
-0.411113,50.817500
-0.377328,50.818600
-0.377328,50.818600
-0.377328,50.818600
-0.377328,50.818600
-0.377328,50.818600
-0.377328,50.818600
-0.392950,50.818500
-0.392950,50.818500
-0.392950,50.818500
-0.392950,50.818500
-0.392950,50.818500
-0.392950,50.818500
-3.018210,53.073000
-2.158820,52.267900
-2.158820,52.267900
-1.947400,52.098500
-0.844212,51.717900
-0.766630,51.571000
-2.990490,53.848400
-2.238640,52.383900
-2.238640,52.383900
-2.238640,52.383900
-1.093290,53.958000
-1.093290,53.958000
-1.093290,53.958000
-1.093290,53.958000
-1.093290,53.958000
-1.093290,53.958000
-1.093290,53.958000
-1.093290,53.958000
-1.093290,53.958000
-1.093290,53.958000
-1.093290,53.958000
-1.093290,53.958000
-1.093290,53.958000
-1.093290,53.958000
-1.093290,53.958000
-1.093290,53.958000
-1.093290,53.958000
-1.093290,53.958000
-1.093290,53.958000
-1.093290,53.958000
-1.093290,53.958000
-3.189680,55.952300
-3.189680,55.952300
-3.218610,55.945400
-3.218610,55.945400
-3.189680,55.952300
-3.218610,55.945400
-3.218610,55.945400
-3.189680,55.952300
-3.189680,55.952300
-3.189680,55.952300
-3.189680,55.952300
-3.982290,55.864000
-3.189680,55.952300
-3.189680,55.952300
-3.189680,55.952300
-3.189680,55.952300
-3.189680,55.952300
-3.189680,55.952300
-3.189680,55.952300
-3.189680,55.952300
-3.189680,55.952300
-3.189680,55.952300
-3.189680,55.952300
-3.189680,55.952300
-3.426450,56.045200
-4.424630,55.848000
-4.396530,55.804200
-4.321550,55.890200
-3.829170,56.023100
-4.321550,55.890200
-3.167270,56.111800
-4.275450,55.850000
-4.518080,55.682200
-2.973670,55.953100
-2.971110,56.457000
-2.971110,56.457000
-2.971110,56.457000
-2.971110,56.457000
-2.971110,56.457000
-3.966330,56.186300
-2.513360,55.998100
-3.605100,55.072600
-3.955700,55.865900
-4.772710,55.941300
-4.772710,55.941300
-4.752010,55.945400
-4.364090,55.887500
-4.784300,55.633700
-3.934790,56.120000
-4.426550,55.912000
-4.583300,56.002300
-4.257710,55.859500
-4.257710,55.859500
-3.772900,55.673400
-3.189680,55.952300
-4.709740,55.656300
-4.804350,55.940300
-4.499180,55.612900
-4.257710,55.859500
-4.257710,55.859500
-4.257710,55.859500
-4.282140,55.897400
-4.257710,55.859500
-4.674530,55.610900
-3.189680,55.952300
-4.223370,57.479900
-4.223370,57.479900
-4.223370,57.479900
-4.250850,55.862400
-2.893570,56.375100
-4.229570,55.881600
-4.250850,55.862400
-4.250850,55.862400
-4.577570,55.947600
-4.250850,55.862400
-4.250850,55.862400
-4.250850,55.862400
-4.250850,55.862400
-4.250850,55.862400
-3.008620,56.317200
-3.008620,56.317200
-4.250850,55.862400
-4.302010,55.897800
-4.257710,55.859500
-4.257710,55.859500
-4.257710,55.859500
-3.982290,55.864000
-3.233070,56.057500
-4.004520,55.864400
-4.404080,55.900700
-4.424630,55.848000
-4.257710,55.859500
-4.287940,55.850400
-4.257710,55.859500
-4.257710,55.859500
-4.257710,55.859500
-4.257710,55.859500
-4.257710,55.859500
-4.257710,55.859500
-4.257710,55.859500
-3.982290,55.864000
-2.098320,57.142700
-2.098320,57.142700
-4.086560,55.823600
-3.934790,56.120000
-3.438410,56.391800
-4.424630,55.848000
-2.464490,56.837500
-3.975420,55.739200
-3.167270,56.111800
-3.167270,56.111800
-3.595860,55.976300
-4.024910,55.817000
-5.024080,54.908900
-2.098320,57.142700
-4.257710,55.859500
-4.273410,55.810600
-2.098320,57.142700
-3.189680,55.952300
-3.189680,55.952300
-3.189680,55.952300
-3.189680,55.952300
-3.189680,55.952300
-4.276720,55.821200
-3.189680,55.952300
-3.189680,55.952300
-2.472210,56.713100
-4.250850,55.862400
-4.250850,55.862400
-3.381640,55.986200
-3.694530,55.885800
-4.257710,55.859500
-4.321550,55.890200
-4.287940,55.850400
-3.189680,55.952300
-4.752010,55.945400
-4.577570,55.947600
-4.086580,55.797200
-3.189680,55.952300
-3.189680,55.952300
-3.189680,55.952300
-3.189680,55.952300
-3.189680,55.952300
-3.189680,55.952300
-3.189680,55.952300
-4.223370,57.479900
-4.223370,57.479900
-3.395730,56.034800
-4.250850,55.862400
-4.257710,55.859500
-4.257710,55.859500
-4.257710,55.859500
-4.257710,55.859500
-4.257710,55.859500
-4.257710,55.859500
-4.257710,55.859500
-4.257710,55.859500
-4.257710,55.859500
-4.257710,55.859500
-3.595860,55.976300
-3.829170,56.023100
-4.086580,55.797200
-4.405630,55.907600
-3.641000,55.899200
-3.735800,56.702400
-3.218610,55.945400
-2.731080,56.057000
-4.577370,55.985500
-4.423180,55.840100
-4.314350,55.941200
-4.295000,55.852400
-3.426450,56.045200
-4.424630,55.848000
-4.105930,55.860000
-4.364090,55.887500
-4.364090,55.887500
-4.732450,56.004100
-4.889270,55.876300
-2.513360,55.998100
-4.567750,55.946700
-4.567750,55.946700
-3.189680,55.952300
-3.189680,55.952300
-4.768190,55.947500
-3.189680,55.952300
-4.710920,55.994400
-3.934790,56.120000
-4.248220,55.888800
-4.309320,55.870100
-3.910170,55.804300
-4.253350,55.862600
-3.189680,55.952300
-3.189680,55.952300
-3.189680,55.952300
-3.189680,55.952300
-3.189680,55.952300
-4.625900,55.458200
-3.189680,55.952300
-3.189680,55.952300
-3.189680,55.952300
-4.499180,55.612900
-4.154220,55.921200
-4.314350,55.941200
-3.641000,55.899200
-4.503150,55.834400
-4.073520,55.851500
-4.314350,55.941200
-4.223370,57.479900
-3.848110,55.730600
-4.889270,55.876300
-4.314210,55.879900
-4.248220,55.888800
-3.142550,56.162400
-4.250850,55.862400
-4.181040,55.765900
-4.250850,55.862400
-4.250850,55.862400
-4.250850,55.862400
-4.250850,55.862400
-4.250850,55.862400
-3.785700,56.002500
-4.257710,55.859500
-4.257710,55.859500
-4.257710,55.859500
-4.257710,55.859500
-4.314210,55.879900
-4.257710,55.859500
-4.257710,55.859500
-4.583300,56.002300
-4.257710,55.859500
-4.257710,55.859500
-4.257710,55.859500
-4.257710,55.859500
-4.257710,55.859500
-4.257710,55.859500
-4.583300,56.002300
-4.257710,55.859500
-4.257710,55.859500
-4.257710,55.859500
-4.257710,55.859500
-3.233070,56.057500
-2.098320,57.142700
-4.889270,55.876300
-3.934790,56.120000
-3.934790,56.120000
-3.092130,55.934200
-4.261420,55.827100
-4.983540,56.400800
-4.314350,55.941200
-3.501970,55.918800
-2.098320,57.142700
-4.314350,55.941200
-4.314350,55.941200
-4.309320,55.870100
-4.983540,56.400800
-4.332450,55.917300
0.133546,52.226678
0.135772,52.232788
0.128509,52.230051
0.131997,52.225825
0.128509,52.230051
0.130128,52.230525
0.131997,52.225825
0.132362,52.230683
0.136532,52.228485
0.136532,52.228485
0.128509,52.230051
0.135216,52.228518
0.128509,52.230051
0.133320,52.228984
0.130128,52.230525
0.133546,52.226678
0.133546,52.226678
0.133546,52.226678
0.141965,52.225447
0.142422,52.229467
0.137496,52.227821
0.136952,52.229908
0.135732,52.231027
0.136952,52.229908
0.135193,52.230776
0.137496,52.227821
0.139669,52.225506
0.136952,52.229908
0.138574,52.229842
0.136952,52.229908
0.138610,52.228151
0.135193,52.230776
0.136952,52.229908
0.136952,52.229908
0.138610,52.228151
0.136127,52.227063
0.136952,52.229908
0.136952,52.229908
0.136952,52.229908
0.137496,52.227821
0.136952,52.229908
0.138744,52.225460
0.137496,52.227821
0.135193,52.230776
0.137496,52.227821
0.136273,52.225226
0.122299,52.229713
0.127754,52.226495
0.127437,52.228758
0.125800,52.229435
0.123331,52.229245
0.125800,52.229435
0.125800,52.229435
0.124335,52.227887
0.127744,52.225074
0.127744,52.225074
0.127754,52.226495
0.127744,52.225074
0.127744,52.225074
0.125800,52.229435
0.127744,52.225074
0.123649,52.232234
0.124018,52.232902
0.127962,52.232381
0.123649,52.232234
0.127962,52.232381
0.127962,52.232381
0.127962,52.232381
0.124018,52.232902
0.124018,52.232902
0.128490,52.231184
0.126337,52.230243
0.124571,52.233440
0.137154,52.231972
0.130003,52.234017
0.137154,52.231972
0.128039,52.233387
0.130003,52.234017
0.139870,52.231806
0.139870,52.231806
0.137154,52.231972
0.138121,52.230462
0.128039,52.233387
0.132013,52.234403
0.128039,52.233387
0.132013,52.234403
0.129948,52.234710
0.115692,52.217028
0.111880,52.218768
0.111633,52.219726
0.115692,52.217028
0.112271,52.215282
0.112271,52.215282
0.111338,52.220289
0.113198,52.216605
0.110764,52.219310
0.111880,52.218768
0.111633,52.219726
0.111633,52.219726
0.112271,52.215282
0.111633,52.219726
0.112271,52.215282
0.111338,52.220289
0.111136,52.214502
0.112291,52.217556
0.111338,52.220289
0.111338,52.220289
0.110165,52.215940
0.112271,52.215282
0.111338,52.220289
0.114304,52.214930
0.115959,52.212167
0.114304,52.214930
0.118533,52.214270
0.118533,52.214270
0.115260,52.215021
0.116139,52.213198
0.119723,52.213754
0.118533,52.214270
0.113942,52.215629
0.115728,52.224877
0.110971,52.227992
0.115728,52.224877
0.114314,52.228391
0.114861,52.227581
0.113523,52.228693
0.110971,52.227992
0.115728,52.224877
0.110971,52.227992
0.113523,52.228693
0.110971,52.227992
0.110971,52.227992
0.115728,52.224877
0.121370,52.226817
0.120432,52.227094
0.119485,52.228424
0.119675,52.226281
0.121776,52.227349
0.119716,52.225282
0.119675,52.226281
0.118531,52.220699
0.114711,52.219491
0.118531,52.220699
0.113648,52.223619
0.118531,52.220699
0.113290,52.220712
0.116911,52.220189
0.113290,52.220712
0.124606,52.226507
0.122318,52.224579
0.122318,52.224579
0.122318,52.224579
0.123496,52.226266
0.151577,52.225892
0.151577,52.225892
0.146080,52.226370
0.145357,52.225637
0.149530,52.224131
0.151415,52.223755
0.149489,52.230552
0.151415,52.223755
0.149134,52.226242
0.149489,52.230552
0.149489,52.230552
0.153573,52.225973
0.151415,52.223755
0.147827,52.225853
0.149530,52.224131
0.151645,52.223346
0.146080,52.226370
0.153573,52.225973
0.146080,52.226370
0.151577,52.225892
0.148049,52.227116
0.149489,52.230552
0.145357,52.225637
0.148363,52.223010
0.146080,52.226370
0.151804,52.220277
0.152538,52.220327
0.149209,52.220198
0.151804,52.220277
0.147769,52.218579
0.147769,52.218579
0.147769,52.218579
0.151804,52.220277
0.155043,52.220344
0.151804,52.220277
0.147769,52.218579
0.147769,52.218579
0.151804,52.220277
0.136876,52.218264
0.136876,52.218264
0.136876,52.218264
0.136342,52.220558
0.133905,52.218885
0.136342,52.220558
0.136342,52.220558
0.138046,52.220374
0.138046,52.220374
0.136175,52.216470
0.136876,52.218264
0.136175,52.216470
0.139978,52.220052
0.136342,52.220558
0.136342,52.220558
0.147713,52.220765
0.145096,52.222971
0.144878,52.220862
0.144980,52.219943
0.145642,52.224274
0.142269,52.219291
0.145642,52.224274
0.144878,52.220862
0.144980,52.219943
0.144980,52.219943
0.147713,52.220765
0.142269,52.219291
0.141904,52.222966
0.142269,52.219291
0.144878,52.220862
0.141128,52.215049
0.140895,52.215683
0.142138,52.215651
0.136897,52.213202
0.142504,52.214736
0.141375,52.213489
0.141128,52.215049
0.142504,52.214736
0.142504,52.214736
0.141128,52.215049
0.140534,52.216705
0.136897,52.213202
0.136897,52.213202
0.142138,52.215651
0.140895,52.215683
0.144549,52.217990
0.140211,52.217278
0.144549,52.217990
0.146916,52.218810
0.146916,52.218810
0.140211,52.217278
0.136605,52.222990
0.132675,52.219500
0.135182,52.222323
0.131557,52.221229
0.134552,52.222299
0.129664,52.222963
0.119156,52.221830
0.119156,52.221830
0.126548,52.220258
0.130754,52.221873
0.127399,52.222743
0.128176,52.218476
0.126548,52.220258
0.128176,52.218476
0.119156,52.221830
0.134341,52.216080
0.126650,52.215347
0.130698,52.216425
0.127852,52.217223
0.131924,52.218183
0.132337,52.216719
0.133588,52.215330
0.133588,52.215330
0.134099,52.214385
0.131827,52.217385
0.132337,52.216719
0.131924,52.218183
0.125700,52.213844
0.118190,52.216614
0.120713,52.214869
0.118901,52.218310
0.127572,52.214737
0.123106,52.214089
0.122481,52.216330
0.125700,52.213844
0.118190,52.216614
0.118190,52.216614
0.118901,52.218310
0.122481,52.216330
0.127181,52.214510
0.127572,52.214737
0.127181,52.214510
0.120052,52.214522
0.123106,52.214089
0.124677,52.214492
0.118190,52.216614
0.118190,52.216614
0.127181,52.214510
0.123106,52.214089
0.125700,52.213844
0.128714,52.213502
0.129854,52.214399
0.133764,52.211055
0.129854,52.214399
0.136055,52.212138
0.131582,52.213478
0.129296,52.212206
0.133922,52.213453
0.136055,52.212138
0.129296,52.212206
0.133886,52.211467
0.131775,52.211397
0.129296,52.212206
0.107844,52.221322
0.094850,52.223658
0.103783,52.218742
0.093874,52.221895
0.097076,52.222108
0.102662,52.219176
0.106344,52.219029
0.109080,52.218063
0.109268,52.214922
0.106552,52.217533
0.109022,52.215609
0.106344,52.219029
0.106575,52.218647
0.109268,52.214922
0.117577,52.207112
0.115760,52.210444
0.113165,52.212217
0.112531,52.212741
0.113165,52.212217
0.110874,52.212663
0.111698,52.213080
0.117577,52.207112
0.113389,52.210460
0.103322,52.212699
0.105712,52.211541
0.117577,52.207112
0.110874,52.212663
0.103322,52.212699
0.105712,52.211541
0.103322,52.212699
0.117577,52.207112
0.117381,52.208842
0.117577,52.207112
0.103322,52.212699
0.117577,52.207112
0.117381,52.208842
0.111573,52.211976
0.113490,52.211052
0.113344,52.210434
0.117381,52.208842
0.117577,52.207112
0.113344,52.210434
0.113344,52.210434
0.110797,52.213824
0.117577,52.207112
0.117381,52.208842
0.140839,52.208427
0.140169,52.209716
0.139562,52.208046
0.140839,52.208427
0.141613,52.209618
0.146839,52.210521
0.145370,52.211636
0.145370,52.211636
0.147236,52.209354
0.143443,52.211446
0.147236,52.209354
0.143443,52.211446
0.143443,52.211446
0.143443,52.211446
0.143443,52.211446
0.146799,52.208184
0.142906,52.210314
0.140119,52.208971
0.145370,52.211636
0.161856,52.217755
0.164081,52.213821
0.164081,52.213821
0.164081,52.213821
0.164081,52.213821
0.164081,52.213821
0.164081,52.213821
0.165447,52.216637
0.162229,52.216993
0.162229,52.216993
0.162229,52.216993
0.161856,52.217755
0.164081,52.213821
0.162229,52.216993
0.164081,52.213821
0.164081,52.213821
0.162229,52.216993
0.164081,52.213821
0.158695,52.215062
0.158695,52.215062
0.150695,52.214291
0.147603,52.213313
0.147603,52.213313
0.158695,52.215062
0.158695,52.215062
0.147608,52.214329
0.156880,52.215670
0.148482,52.213648
0.147603,52.213313
0.146137,52.214500
0.155634,52.215325
0.146137,52.214500
0.148482,52.213648
0.154116,52.212097
0.147608,52.214329
0.148482,52.213648
0.148482,52.213648
0.155936,52.214609
0.144030,52.213297
0.149835,52.214981
0.154116,52.212097
0.158695,52.215062
0.147603,52.213313
0.155225,52.209002
0.144030,52.213297
0.154810,52.207382
0.148482,52.213648
0.154810,52.207382
0.154116,52.212097
0.158695,52.215062
0.147608,52.214329
0.162534,52.214830
0.162534,52.214830
0.160838,52.212154
0.161255,52.211391
0.158815,52.210285
0.157341,52.212785
0.157341,52.212785
0.162534,52.214830
0.160838,52.212154
0.165855,52.209967
0.167071,52.213002
0.165855,52.209967
0.162047,52.209929
0.158374,52.209645
0.164654,52.208146
0.158829,52.209062
0.165855,52.209967
0.164392,52.209994
0.159179,52.208138
0.159179,52.208138
0.167479,52.212050
0.168408,52.214911
0.171102,52.216704
0.175143,52.217026
0.168408,52.214911
0.169992,52.217067
0.170639,52.216236
0.167479,52.212050
0.169174,52.216506
0.169174,52.216506
0.169174,52.216506
0.171965,52.212804
0.171965,52.212804
0.171946,52.216617
0.136441,52.209190
0.129460,52.207069
0.133154,52.206570
0.133349,52.206063
0.132157,52.205626
0.133810,52.207736
0.132384,52.204561
0.129460,52.207069
0.129460,52.207069
0.133154,52.206570
0.133154,52.206570
0.127920,52.204857
0.129460,52.207069
0.132079,52.207660
0.132079,52.207660
0.130556,52.207346
0.134365,52.207115
0.132384,52.204561
0.131127,52.205825
0.130556,52.207346
0.129460,52.207069
0.133810,52.207736
0.132157,52.205626
0.134365,52.207115
0.127920,52.204857
0.127920,52.204857
0.132079,52.207660
0.130113,52.205735
0.129601,52.205735
0.134365,52.207115
0.129460,52.207069
0.127920,52.204857
0.130556,52.207346
0.127920,52.204857
0.132022,52.206168
0.135872,52.208311
0.134365,52.207115
0.129460,52.207069
0.129601,52.205735
0.129601,52.205735
0.135572,52.206347
0.134365,52.207115
0.127920,52.204857
0.127920,52.204857
0.133496,52.208821
0.131580,52.204890
0.132439,52.207231
0.129460,52.207069
0.136441,52.209190
0.132942,52.204911
0.132022,52.206168
0.129460,52.207069
0.133154,52.206570
0.132439,52.207231
0.132022,52.206168
0.133154,52.206570
0.133154,52.206570
0.134365,52.207115
0.133154,52.206570
0.132022,52.206168
0.132022,52.206168
0.130556,52.207346
0.130556,52.207346
0.132022,52.206168
0.132022,52.206168
0.132022,52.206168
0.132022,52.206168
0.133154,52.206570
0.132022,52.206168
0.130556,52.207346
0.133154,52.206570
0.132022,52.206168
0.127920,52.204857
0.130556,52.207346
0.132079,52.207660
0.127920,52.204857
0.129460,52.207069
0.132942,52.204911
0.134365,52.207115
0.097170,52.211379
0.095349,52.205962
0.094894,52.208722
0.106109,52.193326
0.095567,52.204672
0.106109,52.193326
0.101132,52.210337
0.105948,52.198580
0.104243,52.196263
0.109206,52.194151
0.102596,52.197012
0.113681,52.199341
0.105948,52.198580
0.109861,52.198699
0.110478,52.195675
0.108890,52.195812
0.111338,52.199931
0.111338,52.199931
0.111338,52.199931
0.114280,52.201164
0.116260,52.202801
0.105563,52.200969
0.116260,52.202801
0.116260,52.202801
0.114280,52.201164
0.103493,52.199586
0.102606,52.202182
0.102606,52.202182
0.117240,52.204330
0.117240,52.204330
0.103386,52.204443
0.103386,52.204443
0.103386,52.204443
0.103386,52.204443
0.103386,52.204443
0.103386,52.204443
0.103386,52.204443
0.103386,52.204443
0.101753,52.203654
0.114280,52.201164
0.102436,52.206339
0.108751,52.202765
0.123160,52.202956
0.125904,52.204624
0.120216,52.206273
0.123641,52.207821
0.123776,52.204510
0.123776,52.204510
0.120910,52.206404
0.123160,52.202956
0.124249,52.207369
0.129337,52.203285
0.118839,52.205632
0.123776,52.204510
0.119789,52.204689
0.124249,52.207369
0.123160,52.202956
0.118839,52.205632
0.123160,52.202956
0.124249,52.207369
0.120216,52.206273
0.125647,52.207218
0.120216,52.206273
0.124249,52.207369
0.126475,52.205864
0.117691,52.201193
0.121326,52.204688
0.119698,52.207074
0.125647,52.207218
0.119762,52.209042
0.125904,52.204624
0.129337,52.203285
0.120910,52.206404
0.126584,52.200790
0.119789,52.204689
0.119762,52.209042
0.120910,52.206404
0.118839,52.205632
0.121266,52.205885
0.123641,52.207821
0.123160,52.202956
0.120216,52.206273
0.122570,52.203776
0.123641,52.207821
0.122234,52.203476
0.122234,52.203476
0.119789,52.204689
0.119698,52.207074
0.118839,52.205632
0.119698,52.207074
0.121531,52.202859
0.123641,52.207821
0.125165,52.201418
0.119698,52.207074
0.118424,52.204291
0.121266,52.205885
0.120910,52.206404
0.123961,52.205315
0.118581,52.202364
0.124249,52.207369
0.119762,52.209042
0.118839,52.205632
0.123160,52.202956
0.120910,52.206404
0.120216,52.206273
0.127190,52.207352
0.119789,52.204689
0.119698,52.207074
0.125165,52.201418
0.118261,52.203952
0.118701,52.208269
0.121326,52.204688
0.118701,52.208269
0.120673,52.198361
0.121531,52.202859
0.118839,52.205632
0.129337,52.203285
0.121509,52.198391
0.118701,52.208269
0.118261,52.203952
0.119215,52.209231
0.118181,52.210266
0.123160,52.202956
0.119698,52.207074
0.129337,52.203285
0.126325,52.203025
0.119698,52.207074
0.121509,52.198391
0.119789,52.204689
0.119762,52.209042
0.119215,52.209231
0.121266,52.205885
0.118839,52.205632
0.122570,52.203776
0.121509,52.198391
0.129337,52.203285
0.125165,52.201418
0.125165,52.201418
0.119789,52.204689
0.129337,52.203285
0.121011,52.203921
0.121266,52.205885
0.119698,52.207074
0.122052,52.207957
0.123270,52.203718
0.125165,52.201418
0.119789,52.204689
0.120360,52.209921
0.123961,52.205315
0.117857,52.201918
0.119762,52.209042
0.123961,52.205315
0.125165,52.201418
0.129749,52.201183
0.121509,52.198391
0.120907,52.200497
0.118839,52.205632
0.116226,52.202083
0.119762,52.209042
0.119698,52.207074
0.116226,52.202083
0.125708,52.202973
0.117831,52.204455
0.130643,52.204575
0.123776,52.204510
0.119789,52.204689
0.129337,52.203285
0.125165,52.201418
0.123776,52.204510
0.118839,52.205632
0.118839,52.205632
0.129337,52.203285
0.129337,52.203285
0.124249,52.207369
0.129337,52.203285
0.118839,52.205632
0.129337,52.203285
0.118581,52.202364
0.125165,52.201418
0.125165,52.201418
0.123160,52.202956
0.122570,52.203776
0.121326,52.204688
0.125165,52.201418
0.129337,52.203285
0.125647,52.207218
0.121326,52.204688
0.129337,52.203285
0.121326,52.204688
0.123160,52.202956
0.118839,52.205632
0.118839,52.205632
0.123961,52.205315
0.117831,52.204455
0.120396,52.200227
0.129337,52.203285
0.129337,52.203285
0.125165,52.201418
0.123160,52.202956
0.118839,52.205632
0.119789,52.204689
0.125904,52.204624
0.123160,52.202956
0.123160,52.202956
0.118189,52.208890
0.120216,52.206273
0.123160,52.202956
0.119698,52.207074
0.121326,52.204688
0.125647,52.207218
0.121509,52.198391
0.120907,52.200497
0.121326,52.204688
0.125165,52.201418
0.123160,52.202956
0.120216,52.206273
0.117831,52.204455
0.121266,52.205885
0.120216,52.206273
0.118839,52.205632
0.123776,52.204510
0.129337,52.203285
0.119698,52.207074
0.120910,52.206404
0.119698,52.207074
0.123160,52.202956
0.119079,52.205151
0.119698,52.207074
0.125904,52.204624
0.123641,52.207821
0.129337,52.203285
0.121266,52.205885
0.121266,52.205885
0.118839,52.205632
0.121266,52.205885
0.121266,52.205885
0.121266,52.205885
0.120216,52.206273
0.122570,52.203776
0.122570,52.203776
0.121326,52.204688
0.119079,52.205151
0.121266,52.205885
0.121266,52.205885
0.119698,52.207074
0.122570,52.203776
0.119698,52.207074
0.122570,52.203776
0.123160,52.202956
0.119698,52.207074
0.121011,52.203921
0.121326,52.204688
0.118839,52.205632
0.119698,52.207074
0.119789,52.204689
0.118839,52.205632
0.121326,52.204688
0.119789,52.204689
0.129337,52.203285
0.123160,52.202956
0.123160,52.202956
0.121326,52.204688
0.125165,52.201418
0.119789,52.204689
0.129337,52.203285
0.123160,52.202956
0.119789,52.204689
0.118839,52.205632
0.119789,52.204689
0.129337,52.203285
0.129749,52.201183
0.120216,52.206273
0.123160,52.202956
0.130612,52.204233
0.123160,52.202956
0.119789,52.204689
0.120216,52.206273
0.125165,52.201418
0.125165,52.201418
0.119762,52.209042
0.118839,52.205632
0.121326,52.204688
0.123160,52.202956
0.123160,52.202956
0.120216,52.206273
0.125165,52.201418
0.119079,52.205151
0.125165,52.201418
0.121326,52.204688
0.121326,52.204688
0.123160,52.202956
0.123160,52.202956
0.121266,52.205885
0.118839,52.205632
0.125647,52.207218
0.123160,52.202956
0.123776,52.204510
0.121326,52.204688
0.123961,52.205315
0.125165,52.201418
0.125165,52.201418
0.121326,52.204688
0.124249,52.207369
0.122570,52.203776
0.130643,52.204575
0.137121,52.196841
0.134115,52.195781
0.134115,52.195781
0.134115,52.195781
0.131235,52.195545
0.133680,52.196481
0.130716,52.197524
0.135244,52.197370
0.134366,52.194922
0.138842,52.197332
0.137121,52.196841
0.130716,52.197524
0.130716,52.197524
0.135244,52.197370
0.130716,52.197524
0.134115,52.195781
0.130716,52.197524
0.138842,52.197332
0.135685,52.199232
0.131946,52.201521
0.131946,52.201521
0.131946,52.201521
0.129623,52.200987
0.129623,52.200987
0.135685,52.199232
0.131946,52.201521
0.131946,52.201521
0.131946,52.201521
0.129623,52.200987
0.135685,52.199232
0.131946,52.201521
0.131946,52.201521
0.131946,52.201521
0.131946,52.201521
0.131946,52.201521
0.131946,52.201521
0.129623,52.200987
0.131946,52.201521
0.131946,52.201521
0.131946,52.201521
0.131946,52.201521
0.131946,52.201521
0.129623,52.200987
0.134474,52.201754
0.131946,52.201521
0.137933,52.208273
0.137933,52.208273
0.138253,52.206703
0.137933,52.208273
0.140025,52.207633
0.138803,52.205344
0.144383,52.207859
0.137514,52.207454
0.142506,52.206868
0.144383,52.207859
0.142506,52.206868
0.138803,52.205344
0.142504,52.203793
0.141087,52.204143
0.140233,52.204347
0.141673,52.205076
0.138803,52.205344
0.137514,52.207454
0.141673,52.205076
0.138253,52.206703
0.138803,52.205344
0.140843,52.201198
0.144861,52.205333
0.143006,52.202966
0.139241,52.201982
0.139241,52.201982
0.140843,52.201198
0.139785,52.200192
0.141941,52.202733
0.145632,52.206146
0.144861,52.205333
0.144861,52.205333
0.145632,52.206146
0.145632,52.206146
0.145632,52.206146
0.144861,52.205333
0.145632,52.206146
0.144861,52.205333
0.137046,52.200763
0.135866,52.200560
0.133596,52.202066
0.133596,52.202066
0.137046,52.200763
0.135866,52.200560
0.134489,52.204811
0.133209,52.203458
0.132986,52.203372
0.134489,52.204811
0.138962,52.199829
0.138962,52.199829
0.138962,52.199829
0.136415,52.204686
0.133209,52.203458
0.138962,52.199829
0.137167,52.204196
0.135866,52.200560
0.136415,52.204686
0.134489,52.205431
0.132986,52.203372
0.136415,52.204686
0.133596,52.202066
0.132986,52.203372
0.148324,52.208543
0.149015,52.203765
0.149007,52.200564
0.152875,52.203991
0.149007,52.200564
0.147236,52.205101
0.153981,52.202029
0.148846,52.202077
0.148846,52.202077
0.149007,52.200564
0.152875,52.203991
0.149015,52.203765
0.147814,52.204353
0.152875,52.203991
0.144880,52.200243
0.145784,52.197754
0.145784,52.197754
0.141857,52.198554
0.141857,52.198554
0.147075,52.199025
0.144880,52.200243
0.145784,52.197754
0.145784,52.197754
0.141857,52.198554
0.145784,52.197754
0.145578,52.199862
0.144880,52.200243
0.141857,52.198554
0.144880,52.200243
0.145784,52.197754
0.145784,52.197754
0.156178,52.200865
0.157494,52.199024
0.156467,52.198368
0.153486,52.195438
0.155784,52.195441
0.152410,52.200718
0.157494,52.199024
0.161726,52.201500
0.157065,52.195921
0.156178,52.200865
0.160953,52.200660
0.157494,52.199024
0.157494,52.199024
0.157494,52.199024
0.157494,52.199024
0.157494,52.199024
0.155383,52.195331
0.154952,52.197299
0.155383,52.195331
0.157494,52.199024
0.157494,52.199024
0.156178,52.200865
0.157494,52.199024
0.151062,52.198269
0.142613,52.197848
0.150072,52.197757
0.147614,52.197154
0.142613,52.197848
0.149123,52.198709
0.151062,52.198269
0.142613,52.197848
0.147614,52.197154
0.147614,52.197154
0.147614,52.197154
0.147989,52.196437
0.150357,52.195486
0.143623,52.197236
0.150757,52.196189
0.150757,52.196189
0.150757,52.196189
0.149944,52.196320
0.144860,52.195577
0.143623,52.197236
0.146767,52.196585
0.149944,52.196320
0.149944,52.196320
0.149944,52.196320
0.144860,52.195577
0.151542,52.196084
0.151542,52.196084
0.150357,52.195486
0.144033,52.193299
0.144033,52.193299
0.144033,52.193299
0.144033,52.193299
0.148800,52.192025
0.144033,52.193299
0.144033,52.193299
0.143775,52.194329
0.147319,52.189534
0.145825,52.194345
0.140868,52.194723
0.135390,52.189112
0.141794,52.192063
0.144161,52.190185
0.135390,52.189112
0.137010,52.190855
0.135475,52.189974
0.140868,52.194723
0.137010,52.190855
0.146866,52.188311
0.141493,52.195251
0.140871,52.192340
0.134782,52.187415
0.146866,52.188311
0.134782,52.187415
0.134782,52.187415
0.134782,52.187415
0.134782,52.187415
0.134782,52.187415
0.134782,52.187415
0.134782,52.187415
0.134782,52.187415
0.134782,52.187415
0.141493,52.195251
0.137010,52.190855
0.137010,52.190855
0.137010,52.190855
0.135390,52.189112
0.135390,52.189112
0.142868,52.188851
0.135390,52.189112
0.142868,52.188851
0.135750,52.190212
0.135390,52.189112
0.136231,52.188657
0.140868,52.194723
0.146866,52.188311
0.157892,52.194260
0.150430,52.192454
0.161889,52.194007
0.157832,52.194531
0.156677,52.193041
0.166560,52.191979
0.152075,52.191057
0.152581,52.186696
0.147993,52.186816
0.147993,52.186816
0.152581,52.186696
0.154025,52.190842
0.153495,52.187138
0.153495,52.187138
0.153495,52.187138
0.153495,52.187138
0.152581,52.186696
0.158428,52.189610
0.160991,52.189366
0.155394,52.187679
0.155394,52.187679
0.157085,52.189977
0.158428,52.189610
0.157085,52.189977
0.173502,52.187616
0.169196,52.187201
0.171014,52.184883
0.173774,52.186280
0.167336,52.183261
0.173500,52.185476
0.173004,52.184604
0.168418,52.182638
0.176247,52.184193
0.168418,52.182638
0.174601,52.188243
0.175684,52.187351
0.174601,52.188243
0.181081,52.186127
0.173251,52.183062
0.179779,52.184929
0.165526,52.190254
0.165526,52.190254
0.165946,52.188969
0.165526,52.190254
0.160181,52.185343
0.165946,52.188969
0.165526,52.190254
0.162268,52.185539
0.162539,52.188114
0.165526,52.190254
0.173175,52.196803
0.170564,52.196374
0.171979,52.193885
0.176339,52.191170
0.176171,52.191038
0.176339,52.191170
0.171979,52.193885
0.177428,52.188623
0.177428,52.188623
0.177428,52.188623
0.177928,52.187166
0.179120,52.190902
0.180231,52.189677
0.177876,52.188192
0.178573,52.191389
0.172504,52.188453
0.172504,52.188453
0.171943,52.187735
0.116929,52.179608
0.112756,52.173362
0.115881,52.175419
0.119534,52.174409
0.111237,52.173092
0.119534,52.174409
0.112317,52.173351
0.105632,52.173633
0.117431,52.174788
0.116929,52.179608
0.112317,52.173351
0.105632,52.173633
0.113483,52.174805
0.113680,52.174019
0.116593,52.178094
0.117431,52.174788
0.119534,52.174409
0.119534,52.174409
0.120687,52.165747
0.113916,52.170994
0.112370,52.170455
0.113859,52.172874
0.118078,52.168078
0.119084,52.173257
0.107579,52.167798
0.112607,52.168365
0.119385,52.165734
0.117751,52.172912
0.118078,52.168078
0.118078,52.168078
0.118078,52.168078
0.107579,52.167798
0.107579,52.167798
0.107579,52.167798
0.113916,52.170994
0.112370,52.170455
0.117751,52.172912
0.117751,52.172912
0.107579,52.167798
0.107579,52.167798
0.112370,52.170455
0.112370,52.170455
0.107579,52.167798
0.113859,52.172874
0.119084,52.173257
0.127266,52.199132
0.127489,52.199515
0.129157,52.196751
0.123557,52.198066
0.127489,52.199515
0.127266,52.199132
0.127877,52.197530
0.123962,52.197052
0.127266,52.199132
0.122191,52.197668
0.123962,52.197052
0.123424,52.197745
0.129157,52.196751
0.123557,52.198066
0.124941,52.198257
0.126630,52.195619
0.124941,52.198257
0.127877,52.197530
0.124941,52.198257
0.120306,52.197405
0.130805,52.199078
0.129299,52.199105
0.127266,52.199132
0.129157,52.196751
0.127877,52.197530
0.122191,52.197668
0.122706,52.196499
0.124941,52.198257
0.127489,52.199515
0.127824,52.195184
0.129157,52.196751
0.130805,52.199078
0.127489,52.199515
0.127266,52.199132
0.129157,52.196751
0.129157,52.196751
0.129157,52.196751
0.129157,52.196751
0.129157,52.196751
0.129528,52.200225
0.129157,52.196751
0.127266,52.199132
0.117471,52.181163
0.123176,52.186096
0.125469,52.184472
0.134307,52.193988
0.134307,52.193988
0.134307,52.193988
0.133491,52.193454
0.132187,52.189431
0.128060,52.190027
0.134307,52.193988
0.134307,52.193988
0.134307,52.193988
0.132187,52.189431
0.134307,52.193988
0.134307,52.193988
0.134307,52.193988
0.131687,52.189998
0.134307,52.193988
0.134307,52.193988
0.131209,52.194988
0.134307,52.193988
0.134307,52.193988
0.130125,52.190691
0.134307,52.193988
0.131209,52.194988
0.132187,52.189431
0.133491,52.193454
0.131209,52.194988
0.133491,52.193454
0.144469,52.181988
0.149759,52.180660
0.145052,52.184378
0.149193,52.184096
0.151209,52.182207
0.152361,52.185162
0.150707,52.183034
0.152361,52.185162
0.151595,52.181121
0.151595,52.181121
0.145819,52.175094
0.146253,52.177711
0.145515,52.180620
0.145819,52.175094
0.143482,52.180019
0.140775,52.181516
0.135619,52.183210
0.145819,52.175094
0.131666,52.181303
0.131666,52.181303
0.145819,52.175094
0.154603,52.182514
0.156702,52.182071
0.162272,52.181996
0.158819,52.179568
0.154603,52.182514
0.162272,52.181996
0.162272,52.181996
0.156702,52.182071
0.141982,52.175892
0.141982,52.175892
0.139692,52.176940
0.141982,52.175892
0.141982,52.175892
0.141982,52.175892
0.134970,52.178519
0.139692,52.176940
0.141982,52.175892
0.157524,52.177299
0.141982,52.175892
0.165340,52.177398
0.134970,52.178519
0.134970,52.178519
0.139692,52.176940
0.141982,52.175892
0.141982,52.175892
0.141982,52.175892
0.141982,52.175892
0.138790,52.187711
0.138790,52.187711
0.142614,52.186005
0.142614,52.186005
0.140233,52.187901
0.139934,52.186252
0.139934,52.186252
0.139934,52.186252
0.138790,52.187711
0.137315,52.188062
0.137315,52.188062
-0.218541,52.129332
-0.218541,52.129332
-1.582440,54.789618
0.314105,52.453768
0.308649,52.453847
0.315438,52.451665
0.297420,52.447367
0.301952,52.455821
0.299820,52.449937
0.315438,52.451665
0.310846,52.456178
0.304734,52.455821
0.295564,52.452430
0.295564,52.452430
0.306231,52.457716
0.304405,52.457122
0.316150,52.462153
0.308193,52.458631
0.306015,52.456668
0.309213,52.457038
0.307914,52.458079
0.313092,52.458589
0.309213,52.457038
0.307712,52.457031
0.305472,52.459233
0.306407,52.457137
0.309213,52.457038
0.295584,52.460729
0.303399,52.463526
0.299285,52.464802
0.285652,52.463376
0.294266,52.462004
0.297870,52.456018
0.291674,52.459132
0.292241,52.457880
0.296056,52.458202
0.297253,52.456039
0.301276,52.458100
0.293044,52.459438
0.294020,52.457549
0.294020,52.457549
0.201196,52.455132
0.159315,52.417690
0.265440,52.451347
0.245367,52.433450
0.124657,52.403994
0.120034,52.404167
0.148816,52.399853
0.094001,52.425024
0.126704,52.388798
0.127466,52.387210
0.129960,52.392327
0.124252,52.390676
0.122202,52.392062
0.119323,52.391790
0.111578,52.388412
0.088612,52.421172
0.122958,52.393109
0.124252,52.390676
0.272218,52.412049
0.270873,52.410474
0.270409,52.409458
0.272397,52.402946
0.273537,52.405091
0.272397,52.402946
0.275332,52.406270
0.272397,52.402946
0.270704,52.402897
0.263906,52.401634
0.266549,52.401844
0.273537,52.405091
0.284311,52.408453
0.276402,52.405341
0.267656,52.403369
0.272397,52.402946
0.284311,52.408453
0.273537,52.405091
0.252336,52.402484
0.253604,52.407756
0.261859,52.402141
0.264180,52.404974
0.248686,52.405593
0.255283,52.403192
0.266520,52.405585
0.253662,52.404851
0.251690,52.403657
0.249779,52.401931
0.251540,52.403884
0.253662,52.404851
0.253662,52.404851
0.254332,52.403867
0.249779,52.401931
0.251540,52.403884
0.270319,52.405134
0.272173,52.408588
0.270319,52.405134
0.270319,52.405134
0.270319,52.405134
0.270319,52.405134
0.270319,52.405134
0.270319,52.405134
0.272930,52.398143
0.271371,52.399566
0.274565,52.401636
0.272930,52.398143
0.272930,52.398143
0.261390,52.396134
0.264487,52.399761
0.263110,52.399293
0.262455,52.399423
0.264010,52.400211
0.262455,52.399423
0.267139,52.400178
0.261390,52.396134
0.266983,52.401134
0.264010,52.400211
0.261390,52.396134
0.262455,52.399423
0.266983,52.401134
0.262687,52.395039
0.264477,52.399285
0.267139,52.400178
0.266721,52.399763
0.264477,52.399285
0.263110,52.399293
0.263110,52.399293
0.266721,52.399763
0.265700,52.400484
0.260398,52.398284
0.282871,52.377998
0.265033,52.391200
0.266405,52.391290
0.261347,52.389526
0.265033,52.391200
0.265033,52.391200
0.261347,52.389526
0.269437,52.396834
0.284371,52.378607
0.269351,52.399443
0.257724,52.396015
0.260892,52.388402
0.265033,52.391200
0.265033,52.391200
0.266640,52.394451
0.266640,52.394451
0.265033,52.391200
0.247859,52.395970
0.246839,52.396430
0.247859,52.395970
0.249103,52.396440
0.246839,52.396430
0.246839,52.396430
0.246839,52.396430
0.246839,52.396430
0.246830,52.403488
0.244060,52.396707
0.246680,52.400821
0.246680,52.400821
0.243026,52.396313
0.249685,52.395737
0.243026,52.396313
0.253199,52.394618
0.252068,52.395485
0.241324,52.396085
0.241308,52.395474
0.242759,52.391921
0.145275,52.353223
0.139241,52.357505
0.148777,52.355480
0.147053,52.357786
0.154943,52.364494
0.151007,52.357858
0.147032,52.359171
0.151626,52.363637
0.151626,52.363637
0.147492,52.390463
0.152430,52.373531
0.211395,52.386344
0.200880,52.394183
0.218867,52.348960
0.182201,52.353104
0.189655,52.351789
0.181807,52.352554
0.178332,52.354444
0.183830,52.362920
0.218645,52.347759
0.222369,52.349991
0.243741,52.370133
0.217374,52.347585
0.347332,52.387193
0.327311,52.343788
0.336375,52.342216
0.336375,52.342216
0.327696,52.345795
0.268192,52.336126
0.338246,52.330660
0.336813,52.331318
0.336813,52.331318
0.338246,52.330660
0.281014,52.326573
0.341655,52.334891
0.341655,52.334891
0.341655,52.334891
0.343223,52.327351
0.362264,52.319463
0.349915,52.323729
0.359957,52.319671
0.338371,52.333850
0.338823,52.335738
0.338398,52.332428
0.331265,52.335780
0.340480,52.330148
0.332782,52.333924
0.337391,52.333087
0.337928,52.334362
0.337034,52.334667
0.338398,52.332428
0.338823,52.335738
0.338398,52.332428
0.335160,52.334489
0.338398,52.332428
0.327559,52.344035
0.330491,52.344238
0.331722,52.342793
0.331722,52.342793
0.328100,52.342874
0.328990,52.341651
0.327416,52.341880
0.332278,52.345273
0.336294,52.336786
0.337025,52.337275
0.338933,52.345609
0.332912,52.346439
0.332912,52.346439
0.336294,52.336786
0.332912,52.346439
0.332278,52.345273
0.336294,52.336786
0.359160,52.301101
0.376589,52.314869
0.376589,52.314869
0.394730,52.308729
0.383251,52.308602
0.386316,52.311300
0.396839,52.311096
0.379408,52.315720
0.382319,52.311471
0.406341,52.310471
0.406341,52.310471
0.406341,52.310471
0.439266,52.299859
0.472522,52.291245
0.441544,52.299138
0.439726,52.303680
0.433816,52.301042
0.387047,52.300360
0.390930,52.308986
0.383387,52.311135
0.420576,52.344944
0.410209,52.342504
0.388799,52.380535
0.410965,52.341283
0.412118,52.339812
0.380812,52.358000
0.325650,52.273224
0.339734,52.254242
0.319177,52.282892
0.325799,52.274390
0.322963,52.273151
0.331581,52.273404
0.323809,52.280355
0.326228,52.278114
0.326228,52.278114
0.336951,52.270717
0.323809,52.280355
0.323809,52.280355
0.321018,52.281372
0.332014,52.275778
0.329427,52.287672
0.329427,52.287672
0.326561,52.287828
0.329958,52.289676
0.326804,52.280701
0.326804,52.280701
0.328541,52.280010
0.326804,52.280701
0.395106,52.173729
0.266128,52.220744
0.244503,52.239897
0.244503,52.239897
0.256674,52.223434
0.256674,52.223434
0.279357,52.237763
0.302120,52.253363
0.279264,52.244806
0.299462,52.252975
0.276774,52.237382
0.462164,52.215251
0.483219,52.223955
0.483219,52.223955
0.464257,52.189327
0.465749,52.181653
0.409038,52.238262
0.410933,52.238089
0.408125,52.235466
0.382584,52.195304
0.401681,52.199116
0.361015,52.228424
0.359923,52.231306
0.359923,52.231306
0.130661,52.685463
0.137235,52.681919
0.132490,52.680800
0.128365,52.686017
0.132490,52.680800
0.126029,52.686365
0.102191,52.684785
0.095263,52.686562
0.102635,52.686944
0.102635,52.686944
0.128634,52.674207
0.150527,52.677246
0.147176,52.674376
0.146634,52.727857
0.127556,52.710775
0.165257,52.738146
0.144215,52.738312
0.166706,52.668185
0.169638,52.668257
0.167047,52.664915
0.162799,52.671115
0.162551,52.672693
0.162234,52.669561
0.165064,52.663386
0.162551,52.672693
0.162551,52.672693
0.162234,52.669561
0.160930,52.671015
0.162551,52.672693
0.162663,52.671963
0.161321,52.667555
0.167266,52.671133
0.165064,52.663386
0.159195,52.670336
0.165442,52.668343
0.160930,52.671015
0.164047,52.666741
0.162551,52.672693
0.172265,52.667840
0.162551,52.672693
0.172590,52.665748
0.162663,52.671963
0.167259,52.670377
0.165796,52.663840
0.162799,52.671115
0.172590,52.665748
0.164047,52.666741
0.165064,52.663386
0.162991,52.669026
0.162799,52.671115
0.164047,52.666741
0.167266,52.671133
0.169638,52.668257
0.165064,52.663386
0.163131,52.667369
0.165962,52.663891
0.165962,52.663891
0.167047,52.664915
0.161321,52.667555
0.161321,52.667555
0.160265,52.668329
0.165442,52.668343
0.165442,52.668343
0.165962,52.663891
0.172590,52.665748
0.170099,52.669202
0.164047,52.666741
0.159195,52.670336
0.166644,52.664230
0.162991,52.669026
0.167259,52.670377
0.162991,52.669026
0.167259,52.670377
0.162991,52.669026
0.162991,52.669026
0.165442,52.668343
0.178300,52.670238
0.182767,52.674085
0.178290,52.672405
0.175852,52.673951
0.175852,52.673951
0.180728,52.674140
0.175170,52.667967
0.180064,52.672390
0.175852,52.673951
0.180347,52.673311
0.175852,52.673951
0.169028,52.669671
0.177609,52.672094
0.182767,52.674085
0.165553,52.676559
0.167222,52.673219
0.165553,52.676559
0.166878,52.674934
0.165553,52.676559
0.163142,52.675074
0.170186,52.676024
0.170186,52.676024
0.170186,52.676024
0.166878,52.674934
0.166878,52.674934
0.163142,52.675074
0.170186,52.676024
0.170186,52.676024
0.164997,52.675499
0.167974,52.674366
0.163142,52.675074
0.166878,52.674934
0.161813,52.675413
0.162480,52.675149
0.162480,52.675149
0.168629,52.675954
0.165553,52.676559
0.164934,52.676022
0.166878,52.674934
0.169415,52.676290
0.163142,52.675074
0.165553,52.676559
0.164934,52.676022
0.163142,52.675074
0.161732,52.676772
0.161086,52.675076
0.169090,52.678085
0.163854,52.677804
0.164976,52.679258
0.159590,52.675643
0.158481,52.674746
0.158314,52.677365
0.161086,52.675076
0.161622,52.678743
0.163854,52.677804
0.158372,52.677031
0.156085,52.675356
0.158372,52.677031
0.161086,52.675076
0.159590,52.675643
0.157385,52.677112
0.160875,52.679198
0.164116,52.678626
0.158372,52.677031
0.156085,52.675356
0.164232,52.677968
0.174846,52.675148
0.170838,52.673072
0.170838,52.673072
0.170838,52.673072
0.174846,52.675148
0.174846,52.675148
0.171226,52.675529
0.174846,52.675148
0.174846,52.675148
0.174846,52.675148
0.168889,52.674636
0.171226,52.675529
0.170929,52.673709
0.170298,52.674404
0.171226,52.675529
0.170929,52.673709
0.173629,52.676546
0.172250,52.674989
0.172621,52.678003
0.168889,52.674636
0.170838,52.673072
0.173629,52.676546
0.169043,52.651454
0.169086,52.655023
0.170023,52.659016
0.167383,52.657661
0.160007,52.658605
0.160007,52.658605
0.162809,52.659957
0.162809,52.659957
0.160007,52.658605
0.155049,52.645595
0.160007,52.658605
0.159445,52.655900
0.159445,52.655900
0.161698,52.659006
0.166403,52.655171
0.166403,52.655171
0.167767,52.651675
0.159445,52.655900
0.161322,52.659480
0.162809,52.659957
0.162898,52.651261
0.167767,52.651675
0.159445,52.655900
0.166102,52.662855
0.167675,52.663249
0.165873,52.661196
0.166102,52.662855
0.165873,52.661196
0.165873,52.661196
0.165873,52.661196
0.166102,52.662855
0.168119,52.661766
0.167134,52.661280
0.167134,52.661280
0.171304,52.663074
0.165085,52.662010
0.165873,52.661196
0.167134,52.661280
0.158514,52.666716
0.142303,52.660941
0.154351,52.671971
0.157922,52.665495
0.156057,52.667884
0.157831,52.666665
0.158514,52.666716
0.157831,52.666665
0.143104,52.659775
0.150511,52.666969
0.157922,52.665495
0.158514,52.666716
0.157831,52.666665
0.158514,52.666716
0.154083,52.671346
0.143104,52.659775
0.143621,52.660368
0.143104,52.659775
0.143621,52.660368
0.147303,52.661570
0.143621,52.660368
0.147303,52.661570
0.147303,52.661570
0.147303,52.661570
0.154351,52.671971
0.142303,52.660941
0.142303,52.660941
0.147303,52.661570
0.143621,52.660368
0.147303,52.661570
0.142303,52.660941
0.157374,52.669398
0.147140,52.660961
0.154462,52.670934
0.154462,52.670934
0.154462,52.670934
0.157045,52.667821
0.154462,52.670934
0.155250,52.665597
0.154351,52.671971
0.154351,52.671971
0.154351,52.671971
0.154358,52.666414
0.154462,52.670934
0.182142,52.670158
0.179238,52.668279
0.182142,52.670158
0.182142,52.670158
0.182660,52.671048
0.179327,52.669167
0.182142,52.670158
0.177568,52.667698
0.182142,52.670158
0.182142,52.670158
0.182195,52.672108
0.182142,52.670158
0.183615,52.670338
0.174429,52.664653
0.176662,52.664657
0.177122,52.666762
0.177690,52.664800
0.176662,52.664657
0.177122,52.666762
0.141405,52.651633
0.156333,52.662377
0.141405,52.651633
0.161863,52.660846
0.161863,52.660846
0.141405,52.651633
0.141405,52.651633
0.154507,52.650200
0.160489,52.660575
0.161863,52.660846
0.141405,52.651633
0.157965,52.654363
0.142169,52.642475
0.142169,52.642475
0.150093,52.658768
0.160489,52.660575
0.147945,52.656280
0.152380,52.652351
0.123672,52.638088
0.141405,52.651633
0.154507,52.650200
0.141405,52.651633
0.141405,52.651633
0.146530,52.655146
0.141405,52.651633
0.146530,52.655146
0.141405,52.651633
0.146530,52.655146
0.157965,52.654363
0.154507,52.650200
0.160489,52.660575
0.159247,52.664778
0.162929,52.663884
0.160237,52.663870
0.159922,52.664667
0.159134,52.665787
0.159922,52.664667
0.156500,52.663956
0.154034,52.663120
0.162608,52.665463
0.159922,52.664667
0.159922,52.664667
0.163036,52.665150
0.159237,52.663385
0.162608,52.665463
0.163772,52.661477
0.159922,52.664667
0.159922,52.664667
0.159922,52.664667
0.159922,52.664667
0.159922,52.664667
0.159922,52.664667
0.161125,52.666273
0.159134,52.665787
0.159922,52.664667
0.163036,52.665150
0.164792,52.660271
0.162111,52.664672
0.159922,52.664667
0.159922,52.664667
0.159922,52.664667
0.159922,52.664667
0.159134,52.665787
0.158530,52.664333
0.164792,52.660271
0.159922,52.664667
0.162608,52.665463
0.163409,52.662508
0.159922,52.664667
0.162111,52.664672
0.162608,52.665463
0.162111,52.664672
0.164356,52.661331
0.160237,52.663870
0.162929,52.663884
0.159922,52.664667
0.162362,52.665872
0.156500,52.663956
0.163409,52.662508
0.160552,52.664548
0.156500,52.663956
0.160777,52.664328
0.162608,52.665463
0.159237,52.663385
0.159922,52.664667
0.163772,52.661477
0.159698,52.661632
0.159922,52.664667
0.162529,52.662057
0.160552,52.664548
0.163409,52.662508
0.159922,52.664667
0.161125,52.666273
0.161125,52.666273
0.162929,52.663884
0.160552,52.664548
0.159247,52.664778
0.163409,52.662508
0.161125,52.666273
0.162362,52.665872
0.159247,52.664778
0.162608,52.665463
0.161125,52.666273
0.161125,52.666273
0.161125,52.666273
0.162362,52.665872
0.162929,52.663884
0.154132,52.663927
0.156500,52.663956
0.162529,52.662057
0.161125,52.666273
0.163280,52.663203
0.162111,52.664672
0.163811,52.662861
0.163280,52.663203
0.156500,52.663956
0.166523,52.640270
0.167578,52.640664
0.166523,52.640270
0.165608,52.621440
0.165608,52.621440
0.167309,52.639122
0.167655,52.634755
0.170790,52.640461
0.172389,52.636053
0.170173,52.639358
0.172266,52.635048
0.167309,52.639122
0.167309,52.639122
0.062726,52.606787
0.200408,52.550261
0.145270,52.614321
0.145270,52.614321
0.035943,52.657880
0.030945,52.656914
0.035943,52.657880
-0.015795,52.658515
0.035943,52.657880
0.047246,52.660230
0.023361,52.658221
0.049589,52.679017
0.027733,52.655881
0.035943,52.657880
0.027250,52.656626
0.072512,52.654809
0.072512,52.654809
0.047246,52.660230
0.044567,52.647185
0.030945,52.656914
0.061424,52.608932
0.015346,52.612539
-0.015416,52.616592
-0.015416,52.616592
0.027422,52.640206
0.023916,52.639834
0.069339,52.616103
0.057060,52.607218
-0.018926,52.616732
0.059142,52.607515
0.059142,52.607515
0.027728,52.639472
0.054484,52.614654
0.071558,52.617737
0.027728,52.639472
0.099866,52.655443
0.100721,52.653854
0.100721,52.653854
0.099866,52.655443
0.099866,52.655443
0.093350,52.651206
0.092499,52.642985
0.100721,52.653854
0.096452,52.653003
0.099866,52.655443
0.069826,52.561904
0.069826,52.561904
0.069826,52.561904
0.078153,52.583868
0.067176,52.562022
0.069826,52.561904
0.067176,52.562022
0.038202,52.564305
0.069826,52.561904
0.069826,52.561904
0.069826,52.561904
0.068788,52.558335
0.069826,52.561904
0.069826,52.561904
0.069826,52.561904
0.076409,52.556646
0.078706,52.560301
0.073559,52.558764
-0.006150,52.573440
0.076523,52.559054
0.081757,52.574571
0.076409,52.556646
0.081757,52.574571
0.068788,52.558335
0.076523,52.559054
0.069826,52.561904
0.082577,52.554182
0.086716,52.558407
0.080553,52.559414
0.081418,52.559004
0.083137,52.556033
0.079253,52.554708
0.081246,52.552856
0.089681,52.551566
0.081311,52.562665
0.088624,52.553221
0.088624,52.553221
0.090222,52.558615
0.082915,52.562574
0.081311,52.562665
0.090222,52.558615
0.089931,52.554358
0.082246,52.564024
0.081311,52.562665
0.089681,52.551566
0.089681,52.551566
0.081311,52.562665
0.088669,52.564433
0.088624,52.553221
0.081311,52.562665
0.093868,52.560501
0.093228,52.562563
0.094873,52.565510
0.095252,52.564793
-0.134143,52.561950
-0.127432,52.561556
-0.127952,52.562149
-0.126286,52.562482
-0.142637,52.563441
-0.126329,52.563904
-0.138114,52.563973
-0.114935,52.558814
-0.114935,52.558814
-0.116308,52.559474
-0.114935,52.558814
-0.114935,52.558814
-0.122251,52.557464
-0.114624,52.561254
-0.112841,52.561199
-0.112841,52.561199
-0.113230,52.561412
-0.114935,52.558814
-0.113670,52.560448
-0.113670,52.560448
-0.112841,52.561199
-0.113230,52.561412
-0.113670,52.560448
-0.114935,52.558814
-0.114624,52.561254
-0.113670,52.560448
-0.117468,52.556166
-0.114503,52.554446
-0.110575,52.550427
-0.121599,52.555458
-0.116709,52.555623
-0.114503,52.554446
-0.121599,52.555458
-0.118745,52.555961
-0.119306,52.554567
-0.122593,52.556031
-0.117453,52.554097
-0.118745,52.555961
-0.115428,52.555234
-0.118745,52.555961
-0.115428,52.555234
-0.119306,52.554567
-0.114503,52.554446
-0.119306,52.554567
-0.117453,52.554097
-0.117468,52.556166
-0.119306,52.554567
-0.120343,52.552750
-0.124891,52.554710
-0.114501,52.552774
-0.118713,52.552571
-0.123223,52.553704
-0.119613,52.552567
-0.125284,52.553808
-0.120343,52.552750
-0.120399,52.554207
-0.114501,52.552774
-0.114501,52.552774
-0.120927,52.553577
-0.125284,52.553808
-0.125284,52.553808
-0.125284,52.553808
-0.117948,52.553215
-0.120927,52.553577
-0.117948,52.553215
-0.125284,52.553808
-0.123749,52.556580
-0.117948,52.553215
-0.125284,52.553808
-0.115760,52.551625
-0.118157,52.551780
-0.118157,52.551780
-0.120343,52.552750
-0.120343,52.552750
-0.119613,52.552567
-0.138061,52.559297
-0.133955,52.558378
-0.135163,52.558756
-0.140226,52.557290
-0.135814,52.558380
-0.135814,52.558380
-0.134591,52.556599
-0.144190,52.562306
-0.139539,52.561675
-0.144190,52.562306
-0.144531,52.560864
-0.136275,52.561426
-0.150419,52.560470
-0.150419,52.560470
-0.176993,52.562519
-0.127397,52.555802
-0.127397,52.555802
-0.127397,52.555802
-0.127770,52.559845
-0.127935,52.557015
-0.125626,52.557545
-0.125720,52.556378
-0.124728,52.557162
-0.124728,52.557162
-0.127935,52.557015
-0.126319,52.557196
-0.126319,52.557196
-0.133655,52.560234
-0.126319,52.557196
-0.125720,52.556378
-0.127397,52.555802
-0.125754,52.560064
-0.125720,52.556378
-0.131243,52.558317
-0.134221,52.552106
-0.119631,52.550437
-0.131243,52.558317
-0.128946,52.556491
-0.128946,52.556491
-0.130165,52.555908
-0.128946,52.556491
-0.119631,52.550437
-0.132148,52.554375
-0.131243,52.558317
-0.132148,52.554375
-0.130487,52.557361
-0.128946,52.556491
-0.121298,52.551120
-0.124916,52.551366
-0.119631,52.550437
0.092769,52.552617
0.090237,52.550243
0.088183,52.545802
0.088180,52.546683
0.088183,52.545802
0.088183,52.545802
0.088134,52.550685
0.088180,52.546683
0.090261,52.546700
0.091892,52.549369
0.088504,52.549141
0.088183,52.545802
0.088183,52.545802
0.090237,52.550243
0.088134,52.550685
0.090237,52.550243
0.092639,52.553600
0.088134,52.550685
0.088134,52.550685
0.092769,52.552617
0.088180,52.546683
0.088504,52.549141
0.088504,52.549141
0.088180,52.546683
0.088180,52.546683
0.093034,52.554465
0.088180,52.546683
0.093034,52.554465
0.098207,52.548799
0.099160,52.548368
0.097392,52.549029
0.100460,52.545944
0.093864,52.542770
0.093864,52.542770
0.100460,52.545944
0.093864,52.542770
0.095419,52.545692
0.095419,52.545692
0.090259,52.544174
0.096732,52.550335
0.097006,52.551445
0.096432,52.556113
0.094829,52.550324
0.097006,52.551445
0.102699,52.552981
0.099602,52.554834
0.098543,52.556444
0.099130,52.556686
0.097273,52.557357
0.097006,52.551445
0.097331,52.552069
-0.112308,52.565380
-0.112308,52.565380
-0.109233,52.564144
-0.108881,52.565793
-0.117312,52.562565
-0.108767,52.565027
-0.090224,52.556458
-0.143924,52.512662
-0.143924,52.512662
-0.143502,52.511486
-0.070981,52.559958
-0.075857,52.561485
-0.190392,52.549894
-0.023523,52.495544
-0.021860,52.497818
-0.025003,52.493428
-0.031865,52.551195
-0.024950,52.491989
-0.041505,52.502640
-0.023006,52.497558
-0.023942,52.497043
-0.000514,52.511737
-0.031865,52.551195
-0.000514,52.511737
-0.000514,52.511737
-0.000514,52.511737
-0.021860,52.497818
-0.031865,52.551195
-0.072580,52.562537
-0.093295,52.558080
-0.072580,52.562537
-0.072580,52.562537
0.086753,52.538985
0.085667,52.535353
0.070535,52.532472
0.070535,52.532472
0.070535,52.532472
0.085667,52.535353
0.069063,52.556343
0.065530,52.556198
0.043545,52.558324
0.069306,52.554612
0.065530,52.556198
0.065530,52.556198
0.065530,52.556198
0.079493,52.549803
0.086408,52.547560
0.084244,52.551383
0.087327,52.550762
0.086597,52.548132
0.087450,52.548377
0.086597,52.548132
0.081661,52.551977
0.087327,52.550762
0.082794,52.546931
0.084244,52.551383
0.087905,52.544611
0.086182,52.551511
0.076301,52.554364
0.084019,52.548204
0.086821,52.544154
0.084019,52.548204
0.084244,52.551383
0.087829,52.549216
0.079258,52.552945
0.090216,52.542349
0.087109,52.530320
0.087109,52.530320
0.090938,52.537050
0.087109,52.530320
0.087109,52.530320
0.066398,52.500238
0.062699,52.496131
0.037588,52.492466
0.051644,52.497258
0.177213,52.490203
0.176818,52.495327
0.181618,52.488126
0.166194,52.479687
0.176818,52.495327
0.177343,52.485381
0.081074,52.503398
0.082019,52.509360
0.104860,52.521068
0.149252,52.518229
0.080324,52.507169
0.079455,52.504056
0.085117,52.517524
0.055177,52.456124
0.056868,52.457983
0.060356,52.455153
0.060356,52.455153
0.061147,52.458520
0.105706,52.454902
0.053511,52.459237
0.053511,52.459237
0.057592,52.453951
0.054682,52.458776
0.105365,52.476137
0.060955,52.457561
0.058160,52.456036
0.060955,52.457561
0.049855,52.458788
0.047607,52.457937
0.042360,52.454287
0.048108,52.458270
0.042922,52.454969
0.045526,52.461308
0.043033,52.457368
0.042922,52.454969
0.042922,52.454969
0.045622,52.457027
0.038323,52.466945
0.042922,52.454969
0.045814,52.460539
0.050379,52.458994
0.050030,52.460340
0.043666,52.464056
0.049855,52.458788
0.045474,52.462721
0.038323,52.466945
0.040236,52.451635
0.044653,52.452638
0.044653,52.452638
0.044055,52.449879
0.045858,52.448454
0.043471,52.448090
0.043471,52.448090
0.043319,52.447014
0.047424,52.452410
0.046284,52.456386
0.046284,52.456386
0.049162,52.450204
0.047755,52.445580
0.055568,52.448402
0.051268,52.454366
0.050378,52.453267
0.046984,52.453712
0.057115,52.448142
0.051268,52.454366
0.049968,52.453948
0.051699,52.453819
0.046284,52.456386
0.049535,52.456033
0.046858,52.444948
0.050378,52.453267
0.046858,52.444948
0.048706,52.447370
0.045953,52.455286
0.045953,52.455286
0.051268,52.454366
0.049968,52.453948
0.048078,52.456022
0.049745,52.450724
0.049968,52.453948
0.049745,52.450724
0.050018,52.454703
0.050018,52.454703
0.050018,52.454703
0.050378,52.453267
0.493729,52.268039
0.495802,52.291628
0.414492,52.238628
-0.231894,52.543365
-0.222830,52.534840
-0.232386,52.535514
-0.227030,52.535973
-0.222830,52.534840
-0.221966,52.536149
-0.231268,52.536549
-0.231268,52.536549
-0.232386,52.535514
-0.228130,52.536125
-0.223631,52.536902
-0.230109,52.537871
-0.231894,52.543365
-0.231894,52.543365
-0.231894,52.543365
-0.231894,52.543365
-0.231894,52.543365
-0.231894,52.543365
-0.231894,52.543365
-0.231894,52.543365
-0.231894,52.543365
-0.247102,52.523271
-0.210072,52.524066
-0.210072,52.524066
-0.246814,52.516452
-0.237785,52.525147
-0.246814,52.516452
-0.210072,52.524066
-0.255052,52.513849
-0.246814,52.516452
-0.256549,52.516254
-0.260842,52.521370
-0.250322,52.520136
-0.252906,52.519275
-0.256884,52.514470
-0.253152,52.517175
-0.256884,52.514470
-0.257588,52.521277
-0.257588,52.521277
-0.258365,52.519877
-0.252917,52.519006
-0.253152,52.517175
-0.250322,52.520136
-0.251882,52.517219
-0.248720,52.520760
-0.246659,52.520693
-0.250703,52.516114
-0.248720,52.520760
-0.249739,52.515893
-0.249739,52.515893
-0.248720,52.520760
-0.248720,52.520760
-0.249739,52.515893
-0.242685,52.519079
-0.266558,52.515070
-0.262824,52.509612
-0.266558,52.515070
-0.264475,52.517063
-0.264691,52.513074
-0.285560,52.504702
-0.262376,52.521698
-0.269942,52.518599
-0.269942,52.518599
-0.267495,52.516720
-0.264691,52.513074
-0.261614,52.513757
-0.258426,52.516470
-0.262817,52.518009
-0.294065,52.502721
-0.322629,52.531082
-0.294065,52.502721
-0.331741,52.550487
-0.331741,52.550487
-0.327709,52.548299
-0.322629,52.531082
-0.331741,52.550487
-0.322629,52.531082
-0.308299,52.524171
-0.346683,52.490017
-0.329406,52.547892
-0.294065,52.502721
-0.312100,52.494978
-0.322629,52.531082
-0.325927,52.551349
-0.322629,52.531082
-0.322629,52.531082
-0.325927,52.551349
-0.322629,52.531082
-0.322629,52.531082
-0.322629,52.531082
-0.322629,52.531082
-0.322629,52.531082
-0.364284,52.561838
-0.394002,52.573798
-0.414339,52.578666
-0.395635,52.528237
-0.399256,52.575002
-0.400957,52.564749
-0.395229,52.528861
-0.394002,52.573798
-0.383924,52.566549
-0.410317,52.581328
-0.396637,52.531892
-0.289978,52.489211
-0.239284,52.475494
-0.341618,52.471956
-0.315009,52.488249
-0.294998,52.487746
-0.239284,52.475494
-0.289978,52.489211
-0.289978,52.489211
-0.289978,52.489211
-0.292090,52.493225
-0.291158,52.492187
-0.108019,52.452383
-0.080788,52.472111
-0.081986,52.470314
-0.099277,52.445895
-0.083609,52.471231
-0.099277,52.445895
-0.083609,52.471231
-0.099277,52.445895
-0.050157,52.478587
-0.151485,52.479279
-0.107499,52.486469
-0.151485,52.479279
-0.107457,52.484706
-0.102347,52.468611
-0.145003,52.509091
-0.106810,52.487420
-0.106517,52.449661
-0.109863,52.446433
-0.107353,52.447661
-0.106517,52.449661
-0.109641,52.448524
-0.102243,52.449799
-0.103857,52.448558
-0.102113,52.450445
-0.105760,52.448094
-0.105760,52.448094
-0.108342,52.448962
-0.104690,52.448679
-0.108342,52.448962
-0.108342,52.448962
-0.105760,52.448094
-0.110539,52.446453
-0.105760,52.448094
-0.105000,52.449016
-0.108342,52.448962
-0.106517,52.449661
-0.104690,52.448679
-0.112194,52.453178
-0.108342,52.448962
-0.106517,52.449661
-0.106517,52.449661
-0.104690,52.448679
-0.108960,52.447938
-0.109295,52.447332
-0.105760,52.448094
-0.105554,52.450491
-0.108960,52.447938
-0.106589,52.451766
-0.110539,52.446453
-0.105760,52.448094
-0.117306,52.443054
-0.111179,52.453161
-0.120375,52.444928
-0.119887,52.443599
-0.111179,52.453161
-0.117306,52.443054
-0.115083,52.441697
-0.115083,52.441697
-0.112474,52.455574
-0.114100,52.455771
-0.111179,52.453161
-0.114100,52.455771
-0.111179,52.453161
-0.114100,52.455771
-0.114100,52.455771
-0.114100,52.455771
-0.119887,52.443599
-0.112474,52.455574
-0.116607,52.451854
-0.114252,52.447033
-0.113593,52.448677
-0.119747,52.451383
-0.113593,52.448677
-0.118170,52.446952
-0.117754,52.448069
-0.119747,52.451383
-0.284772,52.436350
-0.286850,52.436263
-0.286850,52.436263
-0.286850,52.436263
-0.286850,52.436263
-0.286798,52.433817
-0.351463,52.436993
-0.286798,52.433817
-0.278911,52.390059
-0.277183,52.431411
-0.277183,52.431411
-0.279104,52.433067
-0.273972,52.431122
-0.272164,52.438989
-0.273972,52.431122
-0.286629,52.442706
-0.286629,52.442706
-0.285776,52.439304
-0.302612,52.461746
-0.270677,52.458937
-0.270677,52.458937
-0.282916,52.437932
-0.285776,52.439304
-0.276049,52.435962
-0.276049,52.435962
-0.278188,52.436173
-0.276049,52.435962
-0.278188,52.436173
-0.276868,52.434194
-0.074723,52.406277
-0.077160,52.410768
-0.076431,52.409946
-0.078037,52.409865
-0.075098,52.410176
-0.087329,52.405106
-0.072708,52.404626
-0.072122,52.417051
-0.071607,52.402558
-0.073826,52.402927
-0.078044,52.403274
-0.073229,52.404131
-0.083425,52.403613
-0.078044,52.403274
-0.082805,52.402308
-0.085059,52.405924
-0.080363,52.406072
-0.080363,52.406072
-0.076807,52.406023
-0.080363,52.406072
-0.113489,52.436304
-0.106621,52.437291
-0.109519,52.444854
-0.114436,52.440653
-0.106096,52.434441
-0.104060,52.427027
-0.000694,52.399914
-0.122476,52.385106
-0.122476,52.385106
-0.068442,52.365623
0.001901,52.383533
0.004882,52.383482
0.006378,52.384706
0.004417,52.384893
-0.001546,52.383015
-0.001540,52.382494
0.001445,52.380267
-0.000689,52.386355
0.013141,52.381238
0.005991,52.380721
-0.001940,52.382411
-0.003347,52.383801
-0.001940,52.382411
0.021621,52.395749
0.019622,52.365167
-0.110079,52.348170
-0.115707,52.343926
-0.174233,52.392877
-0.115707,52.343926
-0.177541,52.385708
-0.191921,52.386585
-0.177541,52.385708
-0.112965,52.346939
-0.159982,52.446450
-0.140899,52.430300
-0.142254,52.430960
-0.142254,52.430960
-0.142254,52.430960
-0.142254,52.430960
-0.140899,52.430300
-0.140899,52.430300
-0.140899,52.430300
-0.144343,52.427810
-0.218485,52.414789
-0.154617,52.425867
-0.159982,52.446450
-0.140899,52.430300
-0.140899,52.430300
-0.030765,52.331328
-0.033899,52.330814
-0.060071,52.332407
-0.022747,52.336023
-0.030765,52.331328
-0.031396,52.327347
-0.033960,52.328109
0.037028,52.356227
0.027710,52.352863
0.030351,52.353771
0.031287,52.356254
0.007431,52.354144
0.012551,52.354696
0.010682,52.356220
0.010177,52.355123
-0.180115,52.338840
-0.173202,52.338445
-0.179103,52.334526
-0.178105,52.338440
-0.179832,52.336417
-0.180115,52.338840
-0.181224,52.335045
-0.179832,52.336417
-0.179832,52.336417
-0.179808,52.335589
-0.174356,52.334678
-0.174356,52.334678
-0.176545,52.336753
-0.179808,52.335589
-0.171851,52.341670
-0.171851,52.341670
-0.171851,52.341670
-0.170453,52.340336
-0.175317,52.343423
-0.172112,52.338905
-0.174459,52.341081
-0.171851,52.341670
-0.172112,52.338905
-0.175138,52.341703
-0.175701,52.342638
-0.170453,52.340336
-0.172112,52.338905
-0.170453,52.340336
-0.171851,52.341670
-0.171851,52.341670
-0.170453,52.340336
-0.171851,52.341670
-0.170453,52.340336
-0.171851,52.341670
-0.171851,52.341670
-0.170453,52.340336
-0.172112,52.338905
-0.179588,52.343076
-0.180741,52.342167
-0.181028,52.339483
-0.179588,52.343076
-0.180650,52.340808
-0.180741,52.342167
-0.180234,52.341647
-0.176834,52.342233
-0.179588,52.343076
-0.179588,52.343076
-0.177158,52.341483
-0.180234,52.341647
-0.181028,52.339483
-0.184680,52.343127
-0.179118,52.339517
-0.179907,52.342478
-0.180055,52.352793
-0.178197,52.350490
-0.180055,52.352793
-0.176855,52.347430
-0.180055,52.352793
-0.178197,52.350490
-0.177835,52.352157
-0.179421,52.345357
-0.176855,52.347430
-0.180055,52.352793
-0.174149,52.351812
-0.180055,52.352793
-0.180055,52.352793
-0.183421,52.352728
-0.175052,52.351287
-0.176936,52.349391
-0.179421,52.345357
-0.184763,52.350069
-0.176855,52.347430
-0.183421,52.352728
-0.180055,52.352793
-0.177841,52.347005
-0.178278,52.348891
-0.180055,52.352793
-0.180055,52.352793
-0.180055,52.352793
-0.180055,52.352793
-0.183421,52.352728
-0.180055,52.352793
-0.180055,52.352793
-0.174149,52.351812
-0.177841,52.347005
-0.180055,52.352793
-0.180055,52.352793
-0.172680,52.345424
-0.171333,52.345322
-0.172545,52.344774
-0.172226,52.343978
-0.172680,52.345424
-0.173733,52.346231
-0.176709,52.345630
-0.171333,52.345322
-0.176709,52.345630
-0.173733,52.346231
-0.173733,52.346231
-0.172545,52.344774
-0.160288,52.344728
-0.165272,52.347404
-0.169297,52.345920
-0.164241,52.345697
-0.170677,52.346651
-0.162266,52.345532
-0.164241,52.345697
-0.169761,52.346772
-0.168297,52.344546
-0.168297,52.344546
-0.165877,52.340948
-0.168638,52.341980
-0.165444,52.341832
-0.167733,52.340788
-0.167513,52.340066
-0.165877,52.340948
-0.165877,52.340948
-0.168638,52.341980
-0.165877,52.340948
-0.153712,52.340840
-0.157804,52.338098
-0.156467,52.342708
-0.156065,52.340373
-0.156467,52.342708
-0.167287,52.337014
-0.171491,52.334382
-0.171827,52.336922
-0.168904,52.338738
-0.172774,52.336739
-0.171827,52.336922
-0.172774,52.336739
-0.167237,52.336096
-0.169861,52.338304
-0.258898,52.371307
-0.257232,52.385651
-0.257232,52.385651
-0.257232,52.385651
-0.232844,52.312271
-0.232908,52.326505
-0.212680,52.327747
-0.238112,52.324793
-0.238112,52.324793
-0.232908,52.326505
-0.226931,52.324401
-0.227837,52.329639
-0.231338,52.326850
-0.235619,52.327328
-0.237970,52.328352
-0.241921,52.317172
-0.244096,52.334135
-0.239808,52.325313
-0.239059,52.324601
-0.259541,52.369519
-0.210311,52.353705
-0.212526,52.356301
-0.210311,52.353705
-0.238953,52.371210
-0.258212,52.367836
-0.242968,52.374443
-0.084120,52.341053
-0.080132,52.339586
-0.082803,52.343684
-0.057462,52.347389
-0.075300,52.343023
-0.075300,52.343023
-0.074668,52.343040
-0.062818,52.337046
-0.064563,52.339449
-0.071861,52.340063
-0.069430,52.339591
-0.069430,52.339591
-0.067925,52.336078
-0.067925,52.336078
-0.067621,52.340020
-0.077796,52.335906
-0.077796,52.335906
-0.075249,52.340810
-0.072329,52.341806
-0.077796,52.335906
-0.077796,52.335906
-0.076108,52.337255
-0.073673,52.339921
-0.074571,52.339864
-0.074571,52.339864
-0.074571,52.339864
-0.074571,52.339864
-0.072480,52.336647
-0.072338,52.338227
-0.072338,52.338227
-0.077994,52.334390
-0.085297,52.338959
-0.084720,52.337709
-0.082126,52.339295
-0.091884,52.334624
-0.091884,52.334624
-0.091884,52.334624
-0.091002,52.336687
-0.086544,52.340670
-0.186561,52.335189
-0.180168,52.329328
-0.174173,52.330917
-0.180168,52.329328
-0.174173,52.330917
-0.184631,52.333928
-0.178644,52.327839
-0.186561,52.335189
-0.184631,52.333928
-0.186561,52.335189
-0.184631,52.333928
-0.174530,52.332595
-0.184631,52.333928
-0.178644,52.327839
-0.174530,52.332595
-0.174173,52.330917
-0.178644,52.327839
-0.179379,52.328884
-0.185358,52.335549
-0.184631,52.333928
-0.203524,52.341823
-0.204622,52.339736
-0.204622,52.339736
-0.209448,52.334010
-0.204622,52.339736
-0.203524,52.341823
-0.204622,52.339736
-0.211269,52.335782
-0.211269,52.335782
-0.209448,52.334010
-0.211269,52.335782
-0.203524,52.341823
-0.204622,52.339736
-0.203524,52.341823
-0.203524,52.341823
-0.204622,52.339736
-0.204622,52.339736
-0.204211,52.329947
-0.207370,52.334932
-0.207370,52.334932
-0.215677,52.330580
-0.211878,52.333435
-0.197995,52.336992
-0.197995,52.336992
-0.197959,52.338601
-0.197959,52.338601
-0.199431,52.338875
-0.198819,52.339855
-0.198819,52.339855
-0.198819,52.339855
-0.193142,52.333978
-0.195124,52.337586
-0.194364,52.334248
-0.191614,52.338711
-0.191709,52.337103
-0.195124,52.337586
-0.195956,52.342742
-0.189167,52.336434
-0.195407,52.337114
-0.189167,52.336434
-0.189167,52.336434
-0.201257,52.341618
-0.191709,52.337103
-0.198520,52.341415
-0.188868,52.335486
-0.191614,52.338711
-0.195407,52.337114
-0.191614,52.338711
-0.191614,52.338711
-0.191709,52.337103
-0.186622,52.337654
-0.191709,52.337103
-0.195407,52.337114
-0.189167,52.336434
-0.188868,52.335486
-0.188868,52.335486
-0.188868,52.335486
-0.180537,52.331761
-0.183361,52.329476
-0.183361,52.329476
-0.184222,52.329957
-0.185820,52.330700
-0.182713,52.328800
-0.182713,52.328800
-0.185177,52.330987
-0.180818,52.328502
-0.183361,52.329476
-0.185177,52.330987
-0.184685,52.331915
-0.180818,52.328502
-0.181423,52.329860
-0.182913,52.331447
-0.185452,52.329301
-0.180537,52.331761
-0.182678,52.331093
-0.184222,52.329957
-0.182678,52.331093
-0.180537,52.331761
-0.180537,52.331761
-0.180537,52.331761
-0.180537,52.331761
-0.182713,52.328800
-0.183361,52.329476
-0.180537,52.331761
-0.182713,52.328800
-0.180537,52.331761
-0.183177,52.330741
-0.183638,52.330586
-0.181423,52.329860
-0.202679,52.333350
-0.181423,52.329860
-0.181423,52.329860
-0.180537,52.331761
-0.180537,52.331761
-0.185452,52.329301
-0.187412,52.334483
-0.182678,52.331093
-0.185452,52.329301
-0.183361,52.329476
-0.180969,52.329817
-0.180969,52.329817
-0.187894,52.327010
-0.189722,52.334707
-0.181423,52.329860
-0.187412,52.334483
-0.181423,52.329860
-0.202679,52.333350
-0.189907,52.334854
-0.180537,52.331761
-0.185452,52.329301
-0.183361,52.329476
-0.183638,52.330586
-0.189907,52.334854
-0.180537,52.331761
-0.182713,52.328800
-0.183361,52.329476
-0.182678,52.331093
-0.185820,52.330700
-0.183361,52.329476
-0.180537,52.331761
-0.181423,52.329860
-0.180537,52.331761
-0.183638,52.330586
-0.182678,52.331093
-0.183638,52.330586
-0.184222,52.329957
-0.185021,52.332648
-0.180537,52.331761
-0.185021,52.332648
-0.182913,52.331447
-0.188788,52.334576
-0.183361,52.329476
-0.183638,52.330586
-0.187337,52.330211
-0.185021,52.332648
-0.183361,52.329476
-0.185021,52.332648
-0.070476,52.325357
-0.068868,52.328577
-0.072066,52.326912
-0.070833,52.324895
-0.065783,52.327978
-0.068146,52.331002
-0.063400,52.332470
-0.070800,52.333410
-0.072164,52.323658
-0.051762,52.318423
-0.074609,52.322781
-0.069119,52.324508
-0.059050,52.321205
-0.073438,52.324731
-0.071484,52.330517
-0.074433,52.324801
-0.074106,52.324553
-0.069606,52.322753
-0.073055,52.322405
-0.074553,52.327429
-0.068493,52.322708
-0.071377,52.323187
-0.075558,52.322545
-0.074106,52.324553
-0.074433,52.324801
-0.073250,52.324000
-0.073201,52.323091
-0.076570,52.328307
-0.076079,52.324738
-0.073250,52.324000
-0.071377,52.323187
-0.073201,52.323091
-0.076079,52.324738
-0.074433,52.324801
-0.074106,52.324553
-0.076079,52.324738
-0.073250,52.324000
-0.076079,52.324738
-0.078976,52.327303
-0.077192,52.330556
-0.083499,52.332672
-0.074376,52.333207
-0.083499,52.332672
-0.082295,52.330315
-0.082295,52.330315
-0.082295,52.330315
-0.077417,52.332475
-0.077417,52.332475
-0.077152,52.333837
-0.086467,52.333611
-0.165100,52.317523
-0.164116,52.319665
-0.174277,52.317701
-0.174277,52.317701
-0.175200,52.318452
-0.155738,52.300248
-0.174759,52.322375
-0.176949,52.326590
-0.175401,52.319265
-0.159119,52.315973
-0.159119,52.315973
-0.176949,52.326590
-0.155738,52.300248
-0.171657,52.317912
-0.167404,52.308972
-0.166626,52.309697
-0.166331,52.314710
-0.170554,52.312617
-0.166071,52.316027
-0.166071,52.316027
-0.166617,52.318436
-0.169504,52.310353
-0.171994,52.315427
-0.169627,52.308790
-0.171521,52.309090
-0.173627,52.311028
-0.347367,52.340381
-0.328663,52.333041
-0.337461,52.340700
-0.301763,52.331075
-0.411007,52.369683
-0.409827,52.394770
-0.406315,52.346189
-0.356554,52.267959
-0.344889,52.268731
-0.346614,52.271597
-0.296180,52.246387
-0.405805,52.323237
-0.387340,52.296760
-0.387340,52.296760
-0.391764,52.299320
-0.391239,52.301237
-0.383490,52.290530
-0.417410,52.309295
-0.383490,52.290530
-0.418963,52.308930
-0.059372,52.292707
-0.070902,52.299028
-0.070902,52.299028
-0.070902,52.299028
-0.079192,52.294883
-0.099004,52.294529
-0.059372,52.292707
-0.074929,52.317095
-0.059372,52.292707
-0.061415,52.295285
-0.061797,52.298969
-0.067445,52.296903
-0.075720,52.298513
-0.106719,52.318562
-0.127406,52.325536
-0.098409,52.318356
-0.098409,52.318356
-0.085191,52.319311
-0.110640,52.280249
-0.124137,52.334835
-0.112760,52.332442
-0.111103,52.334475
-0.112760,52.332442
-0.111103,52.334475
-0.316593,52.289883
-0.298226,52.310426
-0.315067,52.289151
-0.315067,52.289151
-0.316593,52.289883
-0.316593,52.289883
-0.267900,52.264291
-0.246221,52.292635
-0.261636,52.264073
-0.258617,52.276796
-0.252237,52.297751
-0.249808,52.291304
-0.253770,52.299041
-0.213848,52.285254
-0.213848,52.285254
-0.207986,52.287008
-0.213848,52.285254
-0.213689,52.277537
-0.245197,52.228359
-0.241913,52.231817
-0.239521,52.227133
-0.241913,52.231817
-0.241913,52.231817
-0.235173,52.251102
-0.241913,52.231817
-0.241913,52.231817
-0.242938,52.231077
-0.239915,52.234943
-0.242938,52.231077
-0.244805,52.231635
-0.246039,52.229657
-0.239915,52.234943
-0.245197,52.228359
-0.228648,52.260085
-0.218610,52.224247
-0.244805,52.231635
-0.241243,52.228003
-0.245197,52.228359
-0.244805,52.231635
-0.244805,52.231635
-0.241119,52.228919
-0.242865,52.227731
-0.240743,52.235468
-0.242732,52.230714
-0.244805,52.231635
-0.157961,52.188996
-0.267436,52.241240
-0.259200,52.247709
-0.261624,52.245650
-0.258370,52.248317
-0.266197,52.243703
-0.261624,52.245650
-0.263119,52.252011
-0.263551,52.247333
-0.261505,52.250953
-0.263551,52.247333
-0.265181,52.250234
-0.268104,52.226701
-0.271947,52.228043
-0.271947,52.228043
-0.266956,52.230245
-0.271947,52.228043
-0.266192,52.228795
-0.270246,52.228108
-0.266192,52.228795
-0.267809,52.229008
-0.267809,52.229008
-0.271947,52.228043
-0.267809,52.229008
-0.266195,52.229856
-0.271947,52.228043
-0.266010,52.227471
-0.266590,52.228738
-0.269484,52.228115
-0.270357,52.227517
-0.267809,52.229008
-0.267153,52.229322
-0.269543,52.229222
-0.271947,52.228043
-0.269484,52.228115
-0.266590,52.228738
-0.270467,52.228822
-0.266590,52.228738
-0.268683,52.228014
-0.269484,52.228115
-0.270467,52.228822
-0.266590,52.228738
-0.266792,52.230701
-0.266337,52.231477
-0.266195,52.229856
-0.266956,52.230245
-0.269336,52.227394
-0.271947,52.228043
-0.267053,52.232252
-0.269336,52.227394
-0.266010,52.227471
-0.258923,52.229345
-0.262819,52.228925
-0.252175,52.231142
-0.261487,52.228537
-0.249732,52.227743
-0.253249,52.228775
-0.257173,52.229535
-0.257173,52.229535
-0.249237,52.229156
-0.258923,52.229345
-0.247016,52.236451
-0.260821,52.237348
-0.247500,52.234597
-0.266292,52.234138
-0.255357,52.231027
-0.255357,52.231027
-0.279692,52.225019
-0.274649,52.226312
-0.288560,52.222855
-0.281327,52.223640
-0.287327,52.224096
-0.283367,52.224632
-0.285824,52.223966
-0.283653,52.222541
-0.283653,52.222541
-0.284561,52.225206
-0.286878,52.227749
-0.287045,52.227230
-0.269985,52.210338
-0.269601,52.212292
-0.274355,52.213504
-0.270405,52.213841
-0.269478,52.211706
-0.269985,52.210338
-0.267257,52.214613
-0.269478,52.211706
-0.269985,52.210338
-0.269985,52.210338
-0.269985,52.210338
-0.269985,52.210338
-0.269478,52.211706
-0.261211,52.214255
-0.263848,52.215319
-0.263848,52.215319
-0.251467,52.227553
-0.256135,52.225743
-0.260152,52.227852
-0.257980,52.224242
-0.259567,52.226351
-0.260152,52.227852
-0.254604,52.227465
-0.260136,52.223410
-0.260136,52.223410
-0.264846,52.225772
-0.262737,52.221668
-0.260136,52.223410
-0.260136,52.223410
-0.262737,52.221668
-0.262737,52.221668
-0.257315,52.221777
-0.260136,52.223410
-0.269657,52.222543
-0.268352,52.219575
-0.264138,52.220268
-0.267411,52.221188
-0.266530,52.220115
-0.271038,52.214120
-0.261605,52.216895
-0.261586,52.219260
-0.261586,52.219260
-0.261586,52.219260
-0.256988,52.218185
-0.288770,52.208256
-0.284626,52.217807
-0.286590,52.209384
-0.288770,52.208256
-0.285639,52.219252
-0.291960,52.210936
-0.286590,52.209384
-0.286590,52.209384
-0.286590,52.209384
-0.289775,52.211426
-0.289775,52.211426
-0.283917,52.214165
-0.288743,52.216204
-0.288743,52.216204
-0.296252,52.215054
-0.289872,52.215753
-0.291658,52.215392
-0.290295,52.222655
-0.291030,52.223727
-0.291585,52.221478
-0.296069,52.222136
-0.289598,52.220991
-0.296069,52.222136
-0.296069,52.222136
-0.296002,52.220454
-0.289598,52.220991
-0.292407,52.224871
-0.293606,52.221471
-0.297232,52.221191
-0.294250,52.224915
-0.295037,52.223470
-0.292764,52.222421
-0.295037,52.223470
-0.292083,52.223382
-0.293096,52.224827
-0.292083,52.223382
-0.293096,52.224827
0.173014,52.648054
0.174694,52.646468
0.171004,52.652254
0.221443,52.613914
0.220309,52.528974
0.220309,52.528974
-0.076021,52.038694
-0.109168,52.027514
-0.109168,52.027514
-0.292687,52.635118
-0.296155,52.639448
-0.296155,52.639448
-0.296155,52.639448
-0.293344,52.637241
-0.303415,52.638204
-0.306003,52.670679
-0.331828,52.660140
-0.328974,52.659353
-0.328974,52.659353
-0.301726,52.661582
-0.300288,52.658631
-0.316090,52.643734
-0.336906,52.660733
-0.316090,52.643734
-0.336610,52.658013
-0.340489,52.659443
-0.285844,52.619259
-0.288195,52.620722
-0.282686,52.623340
-0.281279,52.621908
-0.285463,52.621465
-0.285844,52.619259
-0.274716,52.622765
-0.272818,52.621443
-0.272818,52.621443
-0.272818,52.621443
-0.274052,52.621227
-0.274716,52.622765
-0.272818,52.621443
-0.272818,52.621443
-0.280403,52.622408
-0.280403,52.622408
-0.272818,52.621443
-0.272818,52.621443
-0.272818,52.621443
-0.271886,52.622598
-0.272828,52.621938
-0.272818,52.621443
-0.274052,52.621227
-0.271886,52.622598
-0.273386,52.623151
-0.273386,52.623151
-0.280089,52.622880
-0.273386,52.623151
-0.271105,52.625167
-0.275730,52.623266
-0.272818,52.621443
-0.269941,52.623973
-0.275730,52.623266
-0.271105,52.625167
-0.274716,52.622765
-0.266875,52.618183
-0.272353,52.619728
-0.272353,52.619728
-0.266875,52.618183
-0.272353,52.619728
-0.266065,52.622972
-0.272353,52.619728
-0.266875,52.618183
-0.272353,52.619728
-0.283491,52.624655
-0.283491,52.624655
-0.279970,52.627796
-0.281684,52.628918
-0.279027,52.628852
-0.281684,52.628918
-0.284692,52.626075
-0.186614,52.620038
-0.242641,52.626484
-0.187407,52.612282
-0.187407,52.612282
-0.185623,52.616867
-0.244046,52.640467
-0.187407,52.612282
-0.195412,52.637794
-0.244046,52.640467
-0.185451,52.613861
-0.188243,52.614578
-0.216710,52.639223
-0.245515,52.609668
-0.245867,52.611202
-0.246622,52.607842
-0.246622,52.607842
-0.246202,52.607988
-0.243192,52.609391
-0.246622,52.607842
-0.245867,52.611202
-0.247123,52.612300
-0.246202,52.607988
-0.248818,52.610904
-0.263474,52.620497
-0.264549,52.611630
-0.265221,52.609932
-0.257460,52.611229
-0.257589,52.615430
-0.249560,52.614161
-0.257460,52.611229
-0.256725,52.614123
-0.360040,52.651840
-0.343129,52.634989
-0.347348,52.634392
-0.348909,52.632966
-0.346758,52.633575
-0.385118,52.642465
-0.348909,52.632966
-0.348909,52.632966
-0.406113,52.634936
-0.410209,52.634470
-0.483533,52.641338
-0.462284,52.641622
-0.462284,52.641622
-0.438819,52.606611
-0.444353,52.609651
-0.438819,52.606611
-0.417083,52.581544
-0.435504,52.608455
-0.417828,52.580529
-0.415995,52.584299
-0.446028,52.614474
-0.437761,52.608548
-0.430342,52.606193
-0.446028,52.614474
-0.180747,52.578032
-0.107732,52.620584
-0.110912,52.621534
-0.106982,52.620842
-0.117850,52.586535
-0.109948,52.622310
-0.117850,52.586535
-0.100851,52.620168
-0.039298,52.619013
-0.192211,52.609685
-0.189803,52.609352
-0.185137,52.609667
-0.189803,52.609352
-0.186878,52.608282
-0.186231,52.606447
-0.191288,52.608790
-0.192211,52.609685
-0.192211,52.609685
-0.186878,52.608282
-0.189112,52.608550
-0.189803,52.609352
-0.185724,52.610845
-0.189803,52.609352
-0.186878,52.608282
-0.185724,52.610845
-0.189803,52.609352
-0.189444,52.606235
-0.192498,52.605949
-0.199155,52.604234
-0.176940,52.610026
-0.197436,52.605467
-0.195785,52.605739
-0.175853,52.598519
-0.189444,52.606235
-0.210924,52.598083
-0.175787,52.595138
-0.195411,52.607288
-0.210924,52.598083
-0.189444,52.606235
-0.198706,52.605810
-0.216151,52.599915
-0.265146,52.605867
-0.262116,52.607423
-0.270355,52.608955
-0.262116,52.607423
-0.271917,52.607180
-0.266755,52.607742
-0.266214,52.608364
-0.271917,52.607180
-0.270355,52.608955
-0.262116,52.607423
-0.271917,52.607180
-0.262711,52.606928
-0.266755,52.607742
-0.262116,52.607423
-0.265146,52.605867
-0.262116,52.607423
-0.262116,52.607423
-0.266755,52.607742
-0.271373,52.608610
-0.262711,52.606928
-0.263898,52.610524
-0.271917,52.607180
-0.263898,52.610524
-0.255709,52.605863
-0.258097,52.605602
-0.255709,52.605863
-0.258097,52.605602
-0.259114,52.602308
-0.252330,52.601354
-0.252868,52.601560
-0.258209,52.606134
-0.254318,52.605555
-0.260663,52.604219
-0.258209,52.606134
-0.269101,52.603299
-0.271251,52.604221
-0.271251,52.604221
-0.271251,52.604221
-0.271251,52.604221
-0.265342,52.603514
-0.268173,52.602135
-0.266778,52.601557
-0.271251,52.604221
-0.268173,52.602135
-0.269101,52.603299
-0.271735,52.603931
-0.269101,52.603299
-0.273142,52.606451
-0.271251,52.604221
-0.274040,52.605781
-0.273162,52.605184
-0.273162,52.605184
-0.269101,52.603299
-0.271735,52.603931
-0.268173,52.602135
-0.267314,52.603327
-0.265342,52.603514
-0.272392,52.614244
-0.268631,52.610000
-0.272392,52.614244
-0.272392,52.614244
-0.269042,52.613413
-0.268631,52.610000
-0.268631,52.610000
-0.275764,52.611893
-0.270845,52.617530
-0.268631,52.610000
-0.273555,52.610971
-0.266639,52.610690
-0.272392,52.614244
-0.271910,52.617861
-0.277485,52.614309
-0.284622,52.616139
-0.278311,52.616605
-0.289690,52.616105
-0.284870,52.615100
-0.275467,52.614550
-0.289690,52.616105
-0.224061,52.599306
-0.224061,52.599306
-0.230225,52.603165
-0.232191,52.601280
-0.224061,52.599306
-0.224061,52.599306
-0.232191,52.601280
-0.224129,52.599801
-0.232218,52.602440
-0.224061,52.599306
-0.232191,52.601280
-0.230743,52.602391
-0.230743,52.602391
-0.230743,52.602391
-0.224129,52.599801
-0.230743,52.602391
-0.230225,52.603165
-0.230743,52.602391
-0.233571,52.599655
-0.230743,52.602391
-0.227890,52.600271
-0.227890,52.600271
-0.224061,52.599306
-0.228549,52.601153
-0.224129,52.599801
-0.225036,52.601101
-0.230225,52.603165
-0.227890,52.600271
-0.232191,52.601280
-0.232191,52.601280
-0.232191,52.601280
-0.231814,52.599997
-0.228549,52.601153
-0.230225,52.603165
-0.222818,52.601175
-0.230743,52.602391
-0.222336,52.599586
-0.222336,52.599586
-0.222336,52.599586
-0.223512,52.597176
-0.219371,52.597698
-0.219299,52.598758
-0.216533,52.596675
-0.221164,52.598642
-0.216533,52.596675
-0.216533,52.596675
-0.215941,52.596711
-0.217945,52.596822
-0.218552,52.597146
-0.216533,52.596675
-0.217945,52.596822
-0.215941,52.596711
-0.221164,52.598642
-0.215941,52.596711
-0.215104,52.596618
-0.221164,52.598642
-0.219299,52.598758
-0.219299,52.598758
-0.215104,52.596618
-0.217945,52.596822
-0.221164,52.598642
-0.218552,52.597146
-0.217945,52.596822
-0.217945,52.596822
-0.217945,52.596822
-0.217945,52.596822
-0.216533,52.596675
-0.248487,52.606997
-0.248775,52.607532
-0.253595,52.608529
-0.253198,52.608101
-0.253595,52.608529
-0.253198,52.608101
-0.249827,52.606720
-0.248487,52.606997
-0.234818,52.605365
-0.234818,52.605365
-0.234818,52.605365
-0.238101,52.604874
-0.232088,52.605297
-0.234818,52.605365
-0.234818,52.605365
-0.229899,52.605390
-0.241298,52.611701
-0.234933,52.606913
-0.234953,52.603461
-0.234818,52.605365
-0.241473,52.611029
-0.234818,52.605365
-0.231466,52.610116
-0.232088,52.605297
-0.234933,52.606913
-0.238101,52.604874
-0.238430,52.612126
-0.234818,52.605365
-0.240327,52.611614
-0.243552,52.606304
-0.243277,52.605050
-0.241644,52.605646
-0.243552,52.606304
-0.240680,52.604634
-0.243552,52.606304
-0.241848,52.607178
-0.243552,52.606304
-0.243552,52.606304
-0.241848,52.607178
-0.238284,52.607664
-0.238284,52.607664
-0.244945,52.608410
-0.243552,52.606304
-0.243552,52.606304
-0.243552,52.606304
-0.243552,52.606304
-0.243552,52.606304
-0.243552,52.606304
-0.241848,52.607178
-0.241848,52.607178
-0.241848,52.607178
-0.243552,52.606304
-0.240395,52.603641
-0.238284,52.607664
-0.241848,52.607178
-0.241644,52.605646
-0.241848,52.607178
-0.243277,52.605050
-0.259321,52.609009
-0.257732,52.608842
-0.251367,52.609198
-0.255364,52.610821
-0.259321,52.609009
-0.255364,52.610821
-0.257361,52.609646
-0.257732,52.608842
-0.257361,52.609646
-0.257732,52.608842
-0.257361,52.609646
-0.251725,52.609868
-0.257732,52.608842
-0.257732,52.608842
-0.256376,52.609901
-0.222475,52.593618
-0.221242,52.589050
-0.222475,52.593618
-0.224377,52.591839
-0.224127,52.594371
-0.224377,52.591839
-0.221242,52.589050
-0.224377,52.591839
-0.225911,52.591161
-0.227490,52.592263
-0.221242,52.589050
-0.224377,52.591839
-0.222475,52.593618
-0.224127,52.594371
-0.221242,52.589050
-0.238581,52.596583
-0.231744,52.593316
-0.231744,52.593316
-0.231744,52.593316
-0.241215,52.595327
-0.241215,52.595327
-0.238581,52.596583
-0.241215,52.595327
-0.235411,52.595744
-0.231744,52.593316
-0.241215,52.595327
-0.235411,52.595744
-0.225174,52.595879
-0.229751,52.595507
-0.232134,52.597197
-0.225174,52.595879
-0.229751,52.595507
-0.228157,52.597317
-0.229751,52.595507
-0.228712,52.597838
-0.228388,52.597078
-0.232134,52.597197
-0.228388,52.597078
-0.242891,52.598103
-0.237360,52.599424
-0.235722,52.600874
-0.240974,52.596573
-0.242891,52.598103
-0.237360,52.599424
-0.246555,52.599147
-0.235722,52.600874
-0.246553,52.602545
-0.239246,52.598058
-0.237360,52.599424
-0.244494,52.596796
-0.242891,52.598103
-0.239246,52.598058
-0.238931,52.600751
-0.243088,52.603501
-0.242891,52.598103
-0.246553,52.602545
-0.243088,52.603501
-0.243088,52.603501
-0.242891,52.598103
-0.237115,52.601470
-0.234294,52.602237
-0.244494,52.596796
-0.237360,52.599424
-0.238931,52.600751
-0.243088,52.603501
-0.237360,52.599424
-0.244494,52.596796
-0.245513,52.600480
-0.244494,52.596796
-0.236022,52.602227
-0.246553,52.602545
-0.240974,52.596573
-0.245513,52.600480
-0.240974,52.596573
-0.234863,52.600187
-0.240974,52.596573
-0.240974,52.596573
-0.240974,52.596573
-0.241368,52.600373
-0.245513,52.600480
-0.241368,52.600373
-0.238931,52.600751
-0.241368,52.600373
-0.241368,52.600373
-0.249338,52.596769
-0.248244,52.600502
-0.255566,52.599064
-0.250816,52.600055
-0.250448,52.598907
-0.249960,52.595610
-0.250816,52.600055
-0.247450,52.596328
-0.249338,52.596769
-0.251638,52.595733
-0.248244,52.600502
-0.256447,52.599185
-0.249338,52.596769
-0.256447,52.599185
-0.248244,52.600502
-0.251638,52.595733
-0.252657,52.596468
-0.249338,52.596769
-0.278037,52.595347
-0.278086,52.604266
-0.275809,52.602849
-0.278037,52.595347
-0.278037,52.595347
-0.273751,52.596966
-0.282561,52.603873
-0.278387,52.602248
-0.278037,52.595347
-0.272226,52.601205
-0.273493,52.598266
-0.282561,52.603873
-0.273751,52.596966
-0.278037,52.595347
-0.273493,52.598266
-0.278387,52.602248
-0.275809,52.602849
-0.282561,52.603873
-0.278387,52.602248
-0.280543,52.605633
-0.269243,52.598590
-0.278086,52.604266
-0.273751,52.596966
-0.273493,52.598266
-0.278387,52.602248
-0.278086,52.604266
-0.278387,52.602248
-0.273832,52.599044
-0.282561,52.603873
-0.282561,52.603873
-0.285135,52.602256
-0.285135,52.602256
-0.285135,52.602256
-0.284872,52.600679
-0.296953,52.617360
-0.285135,52.602256
-0.285135,52.602256
-0.284872,52.600679
-0.286388,52.604594
-0.285135,52.602256
-0.286388,52.604594
-0.285135,52.602256
-0.285135,52.602256
-0.284872,52.600679
-0.280775,52.602732
-0.285135,52.602256
-0.284424,52.604592
-0.280775,52.602732
-0.280775,52.602732
-0.285135,52.602256
-0.285135,52.602256
-0.285135,52.602256
-0.284613,52.603156
-0.280775,52.602732
-0.284424,52.604592
-0.285135,52.602256
-0.285135,52.602256
-0.284613,52.603156
-0.280775,52.602732
-0.284872,52.600679
-0.284872,52.600679
-0.284872,52.600679
-0.284872,52.600679
-0.284872,52.600679
-0.284613,52.603156
-0.280775,52.602732
-0.284872,52.600679
-0.285135,52.602256
-0.280775,52.602732
-0.285135,52.602256
-0.274520,52.595062
-0.276823,52.589413
-0.278243,52.590099
-0.275582,52.590564
-0.278332,52.591602
-0.278332,52.591602
-0.276823,52.589413
-0.276823,52.589413
-0.276823,52.589413
-0.276823,52.589413
-0.276823,52.589413
-0.278332,52.591602
-0.268649,52.585194
-0.268649,52.585194
-0.267532,52.589565
-0.267532,52.589565
-0.267039,52.588587
-0.267532,52.589565
-0.269824,52.583845
-0.268123,52.587677
-0.267022,52.582644
-0.269169,52.587360
-0.268649,52.585194
-0.268649,52.585194
-0.267022,52.582644
-0.271353,52.591132
-0.271353,52.591132
-0.276174,52.588271
-0.272824,52.587889
-0.269814,52.586344
-0.269814,52.586344
-0.271353,52.591132
-0.274003,52.587925
-0.272824,52.587889
-0.271353,52.591132
-0.274003,52.587925
-0.269814,52.586344
-0.272575,52.586699
-0.272824,52.587889
-0.272824,52.587889
-0.269814,52.586344
-0.272540,52.588344
-0.273769,52.587490
-0.269155,52.589580
-0.262663,52.596570
-0.250717,52.588455
-0.252147,52.594815
-0.254171,52.594404
-0.253049,52.589946
-0.250717,52.588455
-0.254457,52.588690
-0.251519,52.592054
-0.253049,52.589946
-0.254457,52.588690
-0.250717,52.588455
-0.249598,52.590596
-0.249598,52.590596
-0.252316,52.591688
-0.255496,52.591528
-0.255496,52.591528
-0.255496,52.591528
-0.253049,52.589946
-0.252316,52.591688
-0.255496,52.591528
-0.252316,52.591688
-0.249598,52.590596
-0.253713,52.590333
-0.252213,52.593161
-0.249598,52.590596
-0.250659,52.591035
-0.249598,52.590596
-0.264055,52.597588
-0.264055,52.597588
-0.262663,52.596570
-0.264055,52.597588
-0.253049,52.589946
-0.249598,52.590596
-0.252213,52.593161
-0.255496,52.591528
-0.250659,52.591035
-0.250659,52.591035
-0.250717,52.588455
-0.255496,52.591528
-0.250717,52.588455
-0.252147,52.594815
-0.252316,52.591688
-0.255496,52.591528
-0.254457,52.588690
-0.252238,52.583631
-0.252238,52.583631
-0.251404,52.588249
-0.252777,52.586768
-0.252377,52.585692
-0.252777,52.586768
-0.248855,52.587771
-0.254599,52.586993
-0.252238,52.583631
-0.252238,52.583631
-0.252238,52.583631
-0.252238,52.583631
-0.252377,52.585692
-0.248855,52.587771
-0.252777,52.586768
-0.248855,52.587771
-0.252377,52.585692
-0.252777,52.586768
-0.255347,52.592686
-0.255347,52.592686
-0.252849,52.597585
-0.252849,52.597585
-0.261895,52.597709
-0.257627,52.593268
-0.256222,52.595549
-0.258146,52.598428
-0.258605,52.595036
-0.258605,52.595036
-0.256222,52.595549
-0.258146,52.598428
-0.252849,52.597585
-0.260441,52.595638
-0.257627,52.593268
-0.256222,52.595549
-0.258605,52.595036
-0.258146,52.598428
-0.255426,52.597381
-0.255347,52.592686
-0.255347,52.592686
-0.257627,52.593268
-0.260441,52.595638
-0.257627,52.593268
-0.260441,52.595638
-0.257627,52.593268
-0.260441,52.595638
-0.260441,52.595638
-0.255347,52.592686
-0.257627,52.593268
-0.257627,52.593268
-0.256222,52.595549
-0.255426,52.597381
-0.254951,52.595216
-0.258774,52.597834
-0.271085,52.592297
-0.269615,52.591025
-0.275274,52.592780
-0.273965,52.591520
-0.271085,52.592297
-0.275274,52.592780
-0.270233,52.591448
-0.260197,52.586518
-0.259256,52.583069
-0.264095,52.586116
-0.270233,52.591448
-0.273965,52.591520
-0.275274,52.592780
-0.259256,52.583069
-0.271697,52.594769
-0.269615,52.591025
-0.269615,52.591025
-0.269615,52.591025
-0.272955,52.593942
-0.273965,52.591520
-0.272955,52.593942
-0.271085,52.592297
-0.272955,52.593942
-0.272955,52.593942
-0.266036,52.589301
-0.272955,52.593942
-0.268612,52.592108
-0.275274,52.592780
-0.260197,52.586518
-0.260197,52.586518
-0.262122,52.598315
-0.265413,52.599478
-0.263777,52.601630
-0.265413,52.599478
-0.262024,52.598934
-0.265413,52.599478
-0.264614,52.602137
-0.262978,52.602427
-0.264614,52.602137
-0.264614,52.602137
-0.265413,52.599478
-0.265413,52.599478
-0.265413,52.599478
-0.265413,52.599478
-0.265413,52.599478
-0.265413,52.599478
-0.289678,52.601638
-0.290685,52.602318
-0.287093,52.600522
-0.287093,52.600522
-0.285829,52.595829
-0.285829,52.595829
-0.277231,52.600100
-0.286644,52.598771
-0.286644,52.598771
-0.283324,52.585120
-0.285560,52.594395
-0.283334,52.589786
-0.284663,52.592782
-0.284202,52.588720
-0.285560,52.594395
-0.284663,52.592782
-0.283507,52.586112
-0.287858,52.586966
-0.285560,52.594395
-0.285560,52.594395
-0.284663,52.592782
-0.284534,52.591935
-0.283507,52.586112
-0.283507,52.586112
-0.284534,52.591935
-0.284534,52.591935
-0.285560,52.594395
-0.284202,52.588720
-0.284202,52.588720
-0.283324,52.585120
-0.283334,52.589786
-0.284534,52.591935
-0.284202,52.588720
-0.284534,52.591935
-0.284534,52.591935
-0.284534,52.591935
-0.284534,52.591935
-0.284534,52.591935
-0.285560,52.594395
-0.283324,52.585120
-0.284534,52.591935
-0.285560,52.594395
-0.285560,52.594395
-0.283507,52.586112
-0.284202,52.588720
-0.284534,52.591935
-0.290873,52.582694
-0.290873,52.582694
-0.290873,52.582694
-0.291225,52.583508
-0.291225,52.583508
-0.290873,52.582694
-0.288114,52.581899
-0.283339,52.583601
-0.286857,52.582726
-0.291225,52.583508
-0.284979,52.581305
-0.286652,52.579270
-0.286652,52.579270
-0.287094,52.581183
-0.288134,52.577988
-0.250042,52.582790
-0.243791,52.584082
-0.246899,52.586843
-0.249081,52.586920
-0.249017,52.583692
-0.243952,52.583392
-0.246899,52.586843
-0.249017,52.583692
-0.246033,52.581903
-0.246899,52.586843
-0.249081,52.586920
-0.243952,52.583392
-0.246513,52.582819
-0.243791,52.584082
-0.250042,52.582790
-0.249588,52.586038
-0.249017,52.583692
-0.246788,52.586284
-0.246788,52.586284
-0.246788,52.586284
-0.243791,52.584082
-0.245732,52.584650
-0.246899,52.586843
-0.246899,52.586843
-0.246899,52.586843
-0.246899,52.586843
-0.249017,52.583692
-0.246788,52.586284
-0.243952,52.583392
-0.246899,52.586843
-0.250042,52.582790
-0.246513,52.582819
-0.250447,52.583380
-0.243791,52.584082
-0.250042,52.582790
-0.244785,52.584339
-0.236401,52.592792
-0.246558,52.595766
-0.242546,52.592344
-0.237677,52.593728
-0.243484,52.591765
-0.243484,52.591765
-0.248811,52.592949
-0.249614,52.593546
-0.246592,52.587873
-0.247749,52.588474
-0.246770,52.593414
-0.246628,52.590292
-0.246770,52.593414
-0.249614,52.593546
-0.249614,52.593546
-0.247749,52.588474
-0.247619,52.589506
-0.246628,52.590292
-0.247749,52.588474
-0.246628,52.590292
-0.246130,52.591687
-0.247063,52.587907
-0.246628,52.590292
-0.246130,52.591687
-0.247063,52.587907
-0.246130,52.591687
-0.249614,52.593546
-0.228025,52.585223
-0.225353,52.587421
-0.238022,52.589921
-0.225353,52.587421
-0.225353,52.587421
-0.225353,52.587421
-0.238608,52.588563
-0.225353,52.587421
-0.238022,52.589921
-0.228025,52.585223
-0.233920,52.589500
-0.225353,52.587421
-0.238022,52.589921
-0.226007,52.588402
-0.226007,52.588402
-0.226007,52.588402
-0.238608,52.588563
-0.225353,52.587421
-0.225353,52.587421
-0.228025,52.585223
-0.225353,52.587421
-0.228025,52.585223
-0.228025,52.585223
-0.233573,52.591518
-0.238608,52.588563
-0.225353,52.587421
-0.245615,52.587193
-0.244828,52.585464
-0.242521,52.587785
-0.243740,52.587956
-0.236444,52.582894
-0.240331,52.586071
-0.240290,52.590063
-0.238098,52.584717
-0.238098,52.584717
-0.243740,52.587956
-0.244343,52.586167
-0.244828,52.585464
-0.244501,52.586646
-0.245284,52.588105
-0.243740,52.587956
-0.245615,52.587193
-0.244343,52.586167
-0.244343,52.586167
-0.236444,52.582894
-0.238098,52.584717
-0.236444,52.582894
-0.244104,52.586973
-0.234997,52.585839
-0.244343,52.586167
-0.244047,52.588015
-0.236444,52.582894
-0.238098,52.584717
-0.238098,52.584717
-0.245615,52.587193
-0.238098,52.584717
-0.244343,52.586167
-0.236444,52.582894
-0.236444,52.582894
-0.237926,52.586791
-0.241696,52.587009
-0.244047,52.588015
-0.218274,52.594903
-0.213405,52.596269
-0.218274,52.594903
-0.213405,52.596269
-0.213405,52.596269
-0.215861,52.588888
-0.215861,52.588888
-0.215861,52.588888
-0.211750,52.594122
-0.213405,52.596269
-0.213405,52.596269
-0.215861,52.588888
-0.213405,52.596269
-0.213405,52.596269
-0.213405,52.596269
-0.215861,52.588888
-0.212898,52.597493
-0.215199,52.591369
-0.217993,52.590548
-0.218274,52.594903
-0.213405,52.596269
-0.210081,52.594870
-0.213405,52.596269
-0.217993,52.590548
-0.213405,52.596269
-0.224475,52.571530
-0.228491,52.572561
-0.224475,52.571530
-0.226638,52.571688
-0.226638,52.571688
-0.232813,52.571871
-0.228985,52.569835
-0.241610,52.568504
-0.230996,52.573390
-0.235242,52.572752
-0.222226,52.572404
-0.225934,52.570482
-0.234316,52.571929
-0.225934,52.570482
-0.209292,52.571122
-0.239573,52.568888
-0.234291,52.571461
-0.230900,52.575043
-0.228985,52.569835
-0.223958,52.575919
-0.218422,52.570873
-0.206632,52.575910
-0.235242,52.572752
-0.233198,52.573306
-0.239573,52.568888
-0.230657,52.574122
-0.230900,52.575043
-0.230900,52.575043
-0.222771,52.569868
-0.230900,52.575043
-0.223958,52.575919
-0.230657,52.574122
-0.234589,52.568813
-0.234589,52.568813
-0.216680,52.571979
-0.239573,52.568888
-0.222771,52.569868
-0.230900,52.575043
-0.216680,52.571979
-0.241610,52.568504
-0.228985,52.569835
-0.234589,52.568813
-0.228491,52.572561
-0.228985,52.569835
-0.232813,52.571871
-0.226638,52.571688
-0.234589,52.568813
-0.230996,52.573390
-0.208729,52.592530
-0.204299,52.592930
-0.208729,52.592530
-0.206055,52.593667
-0.204947,52.594396
-0.204947,52.594396
-0.204947,52.594396
-0.204299,52.592930
-0.207018,52.592144
-0.206055,52.593667
-0.207329,52.594999
-0.207329,52.594999
-0.204299,52.592930
-0.207329,52.594999
-0.207329,52.594999
-0.205299,52.589403
-0.211282,52.590033
-0.207657,52.590589
-0.205299,52.589403
-0.207657,52.590589
-0.213097,52.589323
-0.207657,52.590589
-0.205548,52.592697
-0.205299,52.589403
-0.206670,52.588372
-0.210881,52.588282
-0.208403,52.590034
-0.213097,52.589323
-0.208403,52.590034
-0.205299,52.589403
-0.210881,52.588282
-0.210881,52.588282
-0.206268,52.587008
-0.223303,52.585556
-0.227510,52.582616
-0.227275,52.584789
-0.223303,52.585556
-0.224214,52.586020
-0.227275,52.584789
-0.227510,52.582616
-0.217891,52.588694
-0.224226,52.586811
-0.224214,52.586020
-0.224226,52.586811
-0.221624,52.585810
-0.224214,52.586020
-0.227275,52.584789
-0.224226,52.586811
-0.218259,52.585436
-0.225318,52.580255
-0.214116,52.577335
-0.222239,52.577916
-0.221225,52.577802
-0.210805,52.579272
-0.224367,52.577490
-0.230910,52.581040
-0.225774,52.582492
-0.225318,52.580255
-0.221225,52.577802
-0.225318,52.580255
-0.228505,52.579539
-0.224367,52.577490
-0.224367,52.577490
-0.225318,52.580255
-0.211380,52.574210
-0.230910,52.581040
-0.214116,52.577335
-0.214116,52.577335
-0.218032,52.576486
-0.224316,52.578756
-0.207198,52.580135
-0.222239,52.577916
-0.230910,52.581040
-0.205794,52.585589
-0.226967,52.581458
-0.227539,52.580801
-0.225774,52.582492
-0.210090,52.578695
-0.221194,52.576759
-0.218032,52.576486
-0.218032,52.576486
-0.227716,52.580084
-0.221194,52.576759
-0.218272,52.579655
-0.226967,52.581458
-0.241286,52.574020
-0.241881,52.570594
-0.235427,52.576963
-0.245401,52.572984
-0.250070,52.580228
-0.235427,52.576963
-0.246989,52.576073
-0.238405,52.574480
-0.235427,52.576963
-0.241137,52.574809
-0.245173,52.577935
-0.245074,52.572655
-0.244900,52.572212
-0.245074,52.572655
-0.235427,52.576963
-0.246989,52.576073
-0.238603,52.575418
-0.238603,52.575418
-0.246989,52.576073
-0.245401,52.572984
-0.241376,52.572870
-0.250070,52.580228
-0.241009,52.569520
-0.241009,52.569520
-0.238603,52.575418
-0.241286,52.574020
-0.245173,52.577935
-0.235427,52.576963
-0.241376,52.572870
-0.247848,52.576374
-0.235427,52.576963
-0.241376,52.572870
-0.245074,52.572655
-0.241009,52.569520
-0.241286,52.574020
-0.241881,52.570594
-0.243137,52.569444
-0.246989,52.576073
-0.250492,52.578157
-0.245401,52.572984
-0.238603,52.575418
-0.241376,52.572870
-0.235427,52.576963
-0.235427,52.576963
-0.245401,52.572984
-0.247848,52.576374
-0.235427,52.576963
-0.241286,52.574020
-0.246246,52.572880
-0.235427,52.576963
-0.241376,52.572870
-0.241286,52.574020
-0.241376,52.572870
-0.241376,52.572870
-0.244900,52.572212
-0.244900,52.572212
-0.244900,52.572212
-0.246246,52.572880
-0.243921,52.568655
-0.241376,52.572870
-0.243921,52.568655
-0.241376,52.572870
-0.244900,52.572212
-0.238603,52.575418
-0.246246,52.572880
-0.246537,52.574448
-0.243921,52.568655
-0.241009,52.569520
-0.244978,52.574695
-0.245074,52.572655
-0.245356,52.571877
-0.241137,52.574809
-0.238603,52.575418
-0.241873,52.569299
-0.238405,52.574480
-0.238275,52.575881
-0.243155,52.570838
-0.241376,52.572870
-0.241286,52.574020
-0.243921,52.568655
-0.245401,52.572984
-0.243921,52.568655
-0.241286,52.574020
-0.235427,52.576963
-0.241376,52.572870
-0.235463,52.576442
-0.246989,52.576073
-0.235427,52.576963
-0.246537,52.574448
-0.240393,52.570896
-0.244900,52.572212
-0.241137,52.574809
-0.250492,52.578157
-0.241873,52.569299
-0.245401,52.572984
-0.242527,52.576583
-0.235427,52.576963
-0.238275,52.575881
-0.246537,52.574448
-0.241137,52.574809
-0.250492,52.578157
-0.242527,52.576583
-0.242527,52.576583
-0.241137,52.574809
-0.241286,52.574020
-0.238275,52.575881
-0.241286,52.574020
-0.238603,52.575418
-0.244004,52.576173
-0.241137,52.574809
-0.241137,52.574809
-0.241286,52.574020
-0.250070,52.580228
-0.238603,52.575418
-0.238603,52.575418
-0.244978,52.574695
-0.238603,52.575418
-0.241286,52.574020
-0.243137,52.569444
-0.241376,52.572870
-0.245640,52.574381
-0.243696,52.570945
-0.238603,52.575418
-0.245074,52.572655
-0.238603,52.575418
-0.245074,52.572655
-0.241376,52.572870
-0.241286,52.574020
-0.245401,52.572984
-0.243137,52.569444
-0.241137,52.574809
-0.245401,52.572984
-0.235427,52.576963
-0.250070,52.580228
-0.245173,52.577935
-0.241376,52.572870
-0.238603,52.575418
-0.241137,52.574809
-0.238603,52.575418
-0.245401,52.572984
-0.241137,52.574809
-0.246709,52.576815
-0.241009,52.569520
-0.244978,52.574695
-0.238405,52.574480
-0.246537,52.574448
-0.241286,52.574020
-0.235427,52.576963
-0.238405,52.574480
-0.241286,52.574020
-0.241286,52.574020
-0.238405,52.574480
-0.243155,52.570838
-0.247848,52.576374
-0.244900,52.572212
-0.244004,52.576173
-0.241286,52.574020
-0.250492,52.578157
-0.244978,52.574695
-0.243921,52.568655
-0.241376,52.572870
-0.241376,52.572870
-0.245894,52.573926
-0.241881,52.570594
-0.241286,52.574020
-0.241286,52.574020
-0.243155,52.570838
-0.243921,52.568655
-0.245401,52.572984
-0.241286,52.574020
-0.243921,52.568655
-0.245401,52.572984
-0.245401,52.572984
-0.245401,52.572984
-0.241286,52.574020
-0.241137,52.574809
-0.243921,52.568655
-0.241286,52.574020
-0.241286,52.574020
-0.245401,52.572984
-0.243921,52.568655
-0.243155,52.570838
-0.245401,52.572984
-0.245401,52.572984
-0.245401,52.572984
-0.243155,52.570838
-0.241286,52.574020
-0.241286,52.574020
-0.243921,52.568655
-0.241286,52.574020
-0.243921,52.568655
-0.241137,52.574809
-0.243921,52.568655
-0.241286,52.574020
-0.241286,52.574020
-0.245401,52.572984
-0.245702,52.570237
-0.244978,52.574695
-0.241881,52.570594
-0.245401,52.572984
-0.241137,52.574809
-0.243921,52.568655
-0.238603,52.575418
-0.245137,52.578833
-0.243921,52.568655
-0.241376,52.572870
-0.238275,52.575881
-0.238603,52.575418
-0.241137,52.574809
-0.238603,52.575418
-0.238603,52.575418
-0.238275,52.575881
-0.238603,52.575418
-0.238603,52.575418
-0.240403,52.569547
-0.244978,52.574695
-0.246537,52.574448
-0.241881,52.570594
-0.235427,52.576963
-0.245401,52.572984
-0.245401,52.572984
-0.238603,52.575418
-0.246246,52.572880
-0.243921,52.568655
-0.235427,52.576963
-0.243921,52.568655
-0.238603,52.575418
-0.241137,52.574809
-0.250492,52.578157
-0.238603,52.575418
-0.238603,52.575418
-0.246537,52.574448
-0.238603,52.575418
-0.245074,52.572655
-0.238603,52.575418
-0.246537,52.574448
-0.243921,52.568655
-0.241545,52.571245
-0.238275,52.575881
-0.241286,52.574020
-0.241376,52.572870
-0.238603,52.575418
-0.238603,52.575418
-0.244992,52.575828
-0.238603,52.575418
-0.241376,52.572870
-0.241881,52.570594
-0.241286,52.574020
-0.238405,52.574480
-0.238603,52.575418
-0.235427,52.576963
-0.241545,52.571245
-0.241009,52.569520
-0.248619,52.573328
-0.245401,52.572984
-0.247023,52.577809
-0.245310,52.580436
-0.246738,52.579028
-0.249810,52.581941
-0.248797,52.581081
-0.245310,52.580436
-0.248482,52.580078
-0.247023,52.577809
-0.249247,52.580890
-0.249810,52.581941
-0.245310,52.580436
-0.247023,52.577809
-0.247023,52.577809
-0.247023,52.577809
-0.247023,52.577809
-0.247451,52.579668
-0.247451,52.579668
-0.245310,52.580436
-0.249810,52.581941
-0.249810,52.581941
-0.248482,52.580078
-0.249810,52.581941
-0.248482,52.580078
-0.249810,52.581941
-0.245310,52.580436
-0.247023,52.577809
-0.248482,52.580078
-0.243649,52.575080
-0.241394,52.581277
-0.239346,52.579359
-0.236038,52.577934
-0.241092,52.580338
-0.234703,52.578103
-0.240845,52.575820
-0.238809,52.578380
-0.240845,52.575820
-0.239346,52.579359
-0.241928,52.579739
-0.240845,52.575820
-0.242340,52.575726
-0.240845,52.575820
-0.242626,52.577420
-0.243649,52.575080
-0.242180,52.581936
-0.241928,52.579739
-0.241928,52.579739
-0.239346,52.579359
-0.242340,52.575726
-0.234945,52.578691
-0.240845,52.575820
-0.242201,52.575499
-0.243649,52.575080
-0.243649,52.575080
-0.242340,52.575726
-0.234945,52.578691
-0.236038,52.577934
-0.234703,52.578103
-0.242340,52.575726
-0.241268,52.578155
-0.241928,52.579739
-0.243649,52.575080
-0.242626,52.577420
-0.240962,52.576955
-0.243649,52.575080
-0.240962,52.576955
-0.241268,52.578155
-0.240962,52.576955
-0.240845,52.575820
-0.240962,52.576955
-0.238809,52.578380
-0.242626,52.577420
-0.242340,52.575726
-0.241255,52.579225
-0.241928,52.579739
-0.240845,52.575820
-0.240662,52.581878
-0.241255,52.579225
-0.234703,52.578103
-0.241092,52.580338
-0.241928,52.579739
-0.240845,52.575820
-0.236038,52.577934
-0.241268,52.578155
-0.241268,52.578155
-0.236207,52.578862
-0.242201,52.575499
-0.242201,52.575499
-0.242201,52.575499
-0.245712,52.580721
-0.240845,52.575820
-0.240845,52.575820
-0.241092,52.580338
-0.238809,52.578380
-0.242340,52.575726
-0.242180,52.581936
-0.240845,52.575820
-0.242180,52.581936
-0.241928,52.579739
-0.243649,52.575080
-0.241268,52.578155
-0.238809,52.578380
-0.242340,52.575726
-0.234945,52.578691
-0.240845,52.575820
-0.237195,52.578140
-0.234703,52.578103
-0.242180,52.581936
-0.243649,52.575080
-0.242340,52.575726
-0.242340,52.575726
-0.239346,52.579359
-0.232787,52.578766
-0.233224,52.578170
-0.232497,52.575327
-0.232787,52.578766
-0.234038,52.575548
-0.227867,52.574134
-0.232497,52.575327
-0.229615,52.579097
-0.235683,52.574269
-0.236398,52.573731
-0.236050,52.574688
-0.235683,52.574269
-0.236398,52.573731
-0.232497,52.575327
-0.236398,52.573731
-0.228174,52.578590
-0.236050,52.574688
-0.231238,52.579849
-0.229945,52.576413
-0.230752,52.576147
-0.228174,52.578590
-0.229615,52.579097
-0.236050,52.574688
-0.232497,52.575327
-0.227342,52.575799
-0.230853,52.579879
-0.236398,52.573731
-0.228943,52.577100
-0.228174,52.578590
-0.236050,52.574688
-0.235683,52.574269
-0.232787,52.578766
-0.229216,52.575449
-0.231238,52.579849
-0.233679,52.580794
-0.238789,52.582560
-0.238789,52.582560
-0.238789,52.582560
-0.233679,52.580794
-0.239857,52.581326
-0.235141,52.581148
-0.238789,52.582560
-0.239857,52.581326
-0.238789,52.582560
-0.239857,52.581326
-0.238789,52.582560
-0.235141,52.581148
-0.233679,52.580794
-0.232795,52.582237
-0.235141,52.581148
-0.239857,52.581326
-0.233679,52.580794
-0.296138,52.577106
-0.289244,52.576754
-0.295734,52.573063
-0.289099,52.580115
-0.295267,52.579772
-0.289099,52.580115
-0.292040,52.576975
-0.299658,52.571932
-0.297571,52.576686
-0.292994,52.574839
-0.280624,52.573770
-0.282055,52.579078
-0.280356,52.577974
-0.281538,52.576058
-0.295538,52.570111
-0.282204,52.566951
-0.295538,52.570111
-0.283392,52.564883
-0.280058,52.570139
-0.295538,52.570111
-0.295538,52.570111
-0.269799,52.576966
-0.265281,52.571407
-0.269799,52.576966
-0.265281,52.571407
-0.274416,52.575901
-0.258946,52.571916
-0.274416,52.575901
-0.264244,52.575626
-0.267935,52.568470
-0.267935,52.568470
-0.264921,52.575681
-0.278942,52.582440
-0.278509,52.584816
-0.278942,52.582440
-0.272477,52.580934
-0.268619,52.581454
-0.278942,52.582440
-0.278942,52.582440
-0.275190,52.586279
-0.280464,52.581248
-0.278509,52.584816
-0.278942,52.582440
-0.278942,52.582440
-0.278942,52.582440
-0.278942,52.582440
-0.278942,52.582440
-0.278942,52.582440
-0.278942,52.582440
-0.278942,52.582440
-0.278942,52.582440
-0.278942,52.582440
-0.273955,52.584274
-0.278942,52.582440
-0.256017,52.562783
-0.249158,52.566458
-0.249158,52.566458
-0.258541,52.565374
-0.248767,52.564043
-0.257195,52.564707
-0.250873,52.564883
-0.254326,52.565995
-0.250873,52.564883
-0.250385,52.566386
-0.253508,52.566145
-0.248777,52.564538
-0.250385,52.566386
-0.253928,52.565612
-0.252431,52.564654
-0.252431,52.564654
-0.252431,52.564654
-0.252431,52.564654
-0.248197,52.564655
-0.250385,52.566386
-0.248197,52.564655
-0.250873,52.564883
-0.248197,52.564655
-0.257847,52.581394
-0.257685,52.579144
-0.255723,52.580599
-0.255293,52.579181
-0.257298,52.581845
-0.261632,52.581225
-0.261702,52.582071
-0.257298,52.581845
-0.253979,52.578811
-0.261583,52.579858
-0.257298,52.581845
-0.257298,52.581845
-0.261583,52.579858
-0.260428,52.572864
-0.260428,52.572864
-0.253953,52.575385
-0.257296,52.575560
-0.257789,52.571683
-0.257789,52.571683
-0.249289,52.571693
-0.252512,52.569304
-0.251569,52.570747
-0.253953,52.575385
-0.255300,52.571934
-0.255300,52.571934
-0.255300,52.571934
-0.257318,52.574625
-0.259239,52.578295
-0.259239,52.578295
-0.259239,52.578295
-0.260103,52.577723
-0.261078,52.576200
-0.257241,52.578427
-0.257241,52.578427
-0.255920,52.576016
-0.259239,52.578295
-0.259239,52.578295
-0.259239,52.578295
-0.259239,52.578295
-0.259239,52.578295
-0.255920,52.576016
-0.255920,52.576016
-0.260103,52.577723
-0.264516,52.562773
-0.258732,52.560180
-0.261690,52.562606
-0.261690,52.562606
-0.258732,52.560180
-0.261690,52.562606
-0.258302,52.560965
-0.258603,52.562318
-0.258732,52.560180
-0.258603,52.562318
-0.255672,52.557725
-0.255672,52.557725
-0.255672,52.557725
-0.255672,52.557725
-0.256168,52.558991
-0.255517,52.561634
-0.256168,52.558991
-0.256168,52.558991
-0.255517,52.561634
-0.255672,52.557725
-0.255517,52.561634
-0.240436,52.564657
-0.246163,52.564975
-0.235320,52.563843
-0.240951,52.566175
-0.246163,52.564975
-0.242431,52.561270
-0.236223,52.562652
-0.240338,52.560465
-0.240436,52.564657
-0.246163,52.564975
-0.236560,52.563457
-0.240951,52.566175
-0.240404,52.562516
-0.240338,52.560465
-0.246163,52.564975
-0.246163,52.564975
-0.246163,52.564975
-0.244058,52.562642
-0.241221,52.560892
-0.240404,52.562516
-0.240338,52.560465
-0.235320,52.563843
-0.240404,52.562516
-0.246163,52.564975
-0.240951,52.566175
-0.240951,52.566175
-0.246472,52.555746
-0.251242,52.560798
-0.250356,52.554896
-0.251242,52.560798
-0.251654,52.555994
-0.251654,52.555994
-0.246472,52.555746
-0.254027,52.559391
-0.249809,52.557504
-0.245658,52.556193
-0.247401,52.556497
-0.247401,52.556497
-0.245658,52.556193
-0.244056,52.557868
-0.248238,52.560286
-0.248238,52.560286
-0.245866,52.560224
-0.247373,52.562017
-0.245446,52.561872
-0.248238,52.560286
-0.249078,52.563274
-0.248238,52.560286
-0.248585,52.562314
-0.246699,52.562996
-0.248238,52.560286
-0.245866,52.560224
-0.248238,52.560286
-0.245446,52.561872
-0.244056,52.557868
-0.246757,52.558214
-0.246362,52.561463
-0.245866,52.560224
-0.250035,52.562578
-0.249078,52.563274
-0.249078,52.563274
-0.245866,52.560224
-0.247797,52.560981
-0.252609,52.561303
-0.247373,52.562017
-0.224551,52.560508
-0.227281,52.560495
-0.230288,52.559830
-0.224551,52.560508
-0.228798,52.560914
-0.230362,52.562385
-0.228365,52.557751
-0.230288,52.559830
-0.224551,52.560508
-0.228365,52.557751
-0.230926,52.561934
-0.229263,52.561838
-0.224551,52.560508
-0.228585,52.557422
-0.227281,52.560495
-0.230288,52.559830
-0.230288,52.559830
-0.224551,52.560508
-0.229263,52.561838
-0.224551,52.560508
-0.236365,52.557646
-0.239368,52.558545
-0.238701,52.556773
-0.240656,52.557692
-0.229508,52.555745
-0.237960,52.558704
-0.229508,52.555745
-0.237960,52.558704
-0.237499,52.556953
-0.234057,52.557432
-0.235435,52.558028
-0.227440,52.557279
-0.239368,52.558545
-0.241654,52.558543
-0.240656,52.557692
-0.238701,52.556773
-0.239368,52.558545
-0.234057,52.557432
-0.344817,52.574182
-0.305850,52.605386
-0.305850,52.605386
-0.305850,52.605386
-0.391648,52.589743
-0.354083,52.574617
-0.352017,52.577780
-0.384500,52.574972
-0.306928,52.605384
-0.380985,52.577037
-0.380985,52.577037
-0.306928,52.605384
-0.310544,52.605453
-0.380985,52.577037
-0.318070,52.536960
-0.318070,52.536960
-0.305130,52.549821
-0.306387,52.547034
-0.308333,52.545534
-0.311093,52.545852
-0.316502,52.552492
-0.307440,52.548416
-0.318070,52.536960
-0.306387,52.547034
-0.298850,52.549345
-0.320400,52.549311
-0.320400,52.549311
-0.323325,52.548013
-0.323325,52.548013
-0.310293,52.547486
-0.318316,52.547096
-0.304834,52.549844
-0.310169,52.554928
-0.311326,52.553228
-0.295805,52.548384
-0.314411,52.557416
-0.311549,52.557043
-0.300551,52.554953
-0.313681,52.559141
-0.317779,52.555369
-0.306714,52.558080
-0.300551,52.554953
-0.300551,52.554953
-0.314411,52.557416
-0.223559,52.558767
-0.219897,52.558847
-0.223559,52.558767
-0.220962,52.558054
-0.219233,52.557758
-0.221113,52.559063
-0.218039,52.558828
-0.225657,52.555760
-0.225657,52.555760
-0.221816,52.552250
-0.220345,52.555797
-0.220345,52.555797
-0.225465,52.555038
-0.228072,52.554771
-0.223417,52.556436
-0.225039,52.553898
-0.222064,52.554888
-0.228072,52.554771
-0.221475,52.553395
-0.221312,52.549778
-0.221816,52.552250
-0.220345,52.555797
-0.217374,52.551580
-0.219184,52.553154
-0.217051,52.549004
-0.219982,52.554209
-0.211820,52.548512
-0.211820,52.548512
-0.217051,52.549004
-0.219555,52.554176
-0.218304,52.553761
-0.217051,52.549004
-0.239445,52.533407
-0.239445,52.533407
-0.218990,52.550301
-0.239445,52.533407
-0.221975,52.547963
-0.221975,52.547963
-0.218562,52.547750
-0.208403,52.548766
-0.218562,52.547750
-0.228519,52.548070
-0.218562,52.547750
-0.218990,52.550301
-0.218990,52.550301
-0.215363,52.547720
-0.221975,52.547963
-0.221975,52.547963
-0.228519,52.548070
-0.218990,52.550301
-0.228519,52.548070
-0.204925,52.550134
-0.205001,52.549361
-0.201142,52.551398
-0.205289,52.551703
-0.209386,52.553600
-0.209386,52.553600
-0.205289,52.551703
-0.205289,52.551703
-0.210563,52.552233
-0.207770,52.550186
-0.205001,52.549361
-0.204925,52.550134
-0.201142,52.551398
-0.211871,52.553439
-0.204059,52.552215
-0.207103,52.552801
-0.211952,52.555796
-0.211952,52.555796
-0.204232,52.552676
-0.212095,52.554818
-0.207043,52.553915
-0.207894,52.551123
-0.207103,52.552801
-0.298280,52.543501
-0.295639,52.543158
-0.295639,52.543158
-0.298280,52.543501
-0.296233,52.541530
-0.296233,52.541530
-0.294395,52.542151
-0.296055,52.544593
-0.276011,52.546919
-0.276205,52.547606
-0.276011,52.546919
-0.273829,52.547274
-0.269763,52.549391
-0.276205,52.547606
-0.268263,52.549656
-0.268088,52.547748
-0.271948,52.548227
-0.268088,52.547748
-0.271948,52.548227
-0.268263,52.549656
-0.268088,52.547748
-0.276011,52.546919
-0.271948,52.548227
-0.273829,52.547274
-0.276011,52.546919
-0.269763,52.549391
-0.276011,52.546919
-0.276011,52.546919
-0.271948,52.548227
-0.276205,52.547606
-0.270854,52.548274
-0.276205,52.547606
-0.268263,52.549656
-0.270854,52.548274
-0.276205,52.547606
-0.276205,52.547606
-0.274692,52.548204
-0.268088,52.547748
-0.268399,52.551816
-0.268399,52.551816
-0.276205,52.547606
-0.281194,52.547130
-0.275614,52.544621
-0.277761,52.545533
-0.281194,52.547130
-0.275614,52.544621
-0.277399,52.544233
-0.277761,52.545533
-0.277399,52.544233
-0.285093,52.547744
-0.285093,52.547744
-0.293687,52.545953
-0.290539,52.546501
-0.296389,52.545875
-0.285093,52.547744
-0.287451,52.547032
-0.290539,52.546501
-0.287451,52.547032
-0.292694,52.544923
-0.289344,52.543103
-0.290978,52.543172
-0.286655,52.544359
-0.285274,52.543853
-0.283694,52.545799
-0.290978,52.543172
-0.287816,52.544465
-0.287816,52.544465
-0.286655,52.544359
-0.287816,52.544465
-0.287816,52.544465
-0.286655,52.544359
-0.290543,52.545638
-0.286655,52.544359
-0.290543,52.545638
-0.285274,52.543853
-0.286655,52.544359
-0.290978,52.543172
-0.289344,52.543103
-0.302876,52.546310
-0.301171,52.539272
-0.301171,52.539272
-0.303288,52.541739
-0.301171,52.539272
-0.301271,52.541279
-0.301605,52.538721
-0.311217,52.539155
-0.302457,52.540720
-0.305369,52.545150
-0.302457,52.540720
-0.301271,52.541279
-0.303533,52.540736
-0.302876,52.546310
-0.312507,52.536674
-0.303533,52.540736
-0.300317,52.543054
-0.300317,52.543054
-0.303534,52.543379
-0.300317,52.543054
-0.300317,52.543054
-0.303534,52.543379
-0.300317,52.543054
-0.300317,52.543054
-0.300317,52.543054
-0.311217,52.539155
-0.303533,52.540736
-0.303288,52.541739
-0.303534,52.54